((((0, 1, 1), (1, 0, 0), (0, 0, 0)), ((1, 0, 1), (1, 0, 0), (1, 0, 1)), ((0, 0, -1), (1, 0, 0), (1, 0, -1))), 0, 0) : [2, 2.0]
((((0, -1, -1), (-1, 0, 0), (0, 0, 0)), ((-1, 0, -1), (-1, 0, 0), (-1, 0, -1)), ((0, 0, 1), (-1, 0, 0), (-1, 0, 1))), 0, 0) : [2, -2.0]
((((0, 1, 1), (1, 0, 0), (0, 0, 0)), ((1, 0, 1), (1, 0, 0), (1, 0, 1)), ((-1, 0, -1), (1, 0, 0), (1, 0, -1))), 0, 0) : [2, 1.9]
((((0, -1, -1), (-1, 0, 0), (0, 0, 0)), ((-1, 0, -1), (-1, 0, 0), (-1, 0, -1)), ((1, 0, 1), (-1, 0, 0), (-1, 0, 1))), 0, 0) : [2, -1.9]
((((1, 1, 1), (0, 0, 0), (0, 0, 0)), ((1, 0, 1), (1, 0, 0), (1, 0, 1)), ((-1, 0, -1), (1, 0, 0), (1, 0, -1))), 0, 0) : [2, 1.805]
((((-1, -1, -1), (0, 0, 0), (0, 0, 0)), ((-1, 0, -1), (-1, 0, 0), (-1, 0, -1)), ((1, 0, 1), (-1, 0, 0), (-1, 0, 1))), 0, 0) : [2, -1.805]
((((1, 1, 1), (0, 0, 0), (0, 0, 0)), ((1, 0, 1), (1, 0, 0), (1, 0, 1)), ((0, 0, -1), (1, 0, -1), (1, 0, -1))), 0, 0) : [2, 1.7147499999999998]
((((-1, -1, -1), (0, 0, 0), (0, 0, 0)), ((-1, 0, -1), (-1, 0, 0), (-1, 0, -1)), ((0, 0, 1), (-1, 0, 1), (-1, 0, 1))), 0, 0) : [2, -1.7147499999999998]
((((1, 1, 1), (0, 0, 0), (0, 0, 0)), ((1, 0, 1), (1, 0, 0), (1, -1, 1)), ((0, 0, -1), (1, 0, -1), (1, 0, -1))), 0, 0) : [2, 1.6290124999999998]
((((-1, -1, -1), (0, 0, 0), (0, 0, 0)), ((-1, 0, -1), (-1, 0, 0), (-1, 1, -1)), ((0, 0, 1), (-1, 0, 1), (-1, 0, 1))), 0, 0) : [2, -1.6290124999999998]
((((1, 0, 1), (0, 0, 0), (0, 0, 0)), ((1, 1, 1), (1, 0, 0), (1, -1, 1)), ((0, 0, -1), (1, 0, -1), (1, 0, -1))), 0, 0) : [2, 1.5475618749999995]
((((-1, 0, -1), (0, 0, 0), (0, 0, 0)), ((-1, -1, -1), (-1, 0, 0), (-1, 1, -1)), ((0, 0, 1), (-1, 0, 1), (-1, 0, 1))), 0, 0) : [2, -1.5475618749999995]
((((1, 0, 1), (0, 0, 0), (0, 0, 0)), ((1, 1, 1), (1, 0, 0), (1, 0, 1)), ((0, 0, -1), (1, 0, -1), (1, -1, -1))), 0, 0) : [2, 1.4701837812499996]
((((-1, 0, -1), (0, 0, 0), (0, 0, 0)), ((-1, -1, -1), (-1, 0, 0), (-1, 0, -1)), ((0, 0, 1), (-1, 0, 1), (-1, 1, 1))), 0, 0) : [2, -1.4701837812499996]
((((1, 0, 1), (0, 0, -1), (0, 0, 0)), ((1, 1, 1), (1, 0, 0), (1, 0, 1)), ((0, 0, -1), (1, 0, -1), (1, -1, -1))), 0, 0) : [2, 1.3966745921874995]
((((-1, 0, -1), (0, 0, 1), (0, 0, 0)), ((-1, -1, -1), (-1, 0, 0), (-1, 0, -1)), ((0, 0, 1), (-1, 0, 1), (-1, 1, 1))), 0, 0) : [2, -1.3966745921874995]
((((1, 1, 1), (0, 0, -1), (0, 0, 0)), ((1, 0, 1), (1, 0, 0), (1, 0, 1)), ((0, 0, -1), (1, 0, -1), (1, -1, -1))), 0, 0) : [2, 1.3268408625781245]
((((-1, -1, -1), (0, 0, 1), (0, 0, 0)), ((-1, 0, -1), (-1, 0, 0), (-1, 0, -1)), ((0, 0, 1), (-1, 0, 1), (-1, 1, 1))), 0, 0) : [2, -1.3268408625781245]
((((1, 1, 1), (0, 0, 0), (0, 0, 0)), ((1, 0, 1), (1, 0, -1), (1, 0, 1)), ((0, 0, -1), (1, 0, -1), (1, -1, -1))), 0, 0) : [2, 1.2604988194492182]
((((-1, -1, -1), (0, 0, 0), (0, 0, 0)), ((-1, 0, -1), (-1, 0, 1), (-1, 0, -1)), ((0, 0, 1), (-1, 0, 1), (-1, 1, 1))), 0, 0) : [2, -1.2604988194492182]
((((1, 1, 1), (0, 0, 0), (0, 0, -1)), ((1, 0, 1), (1, 0, -1), (1, 0, 1)), ((0, 0, -1), (1, 0, -1), (1, -1, -1))), 0, 0) : [2, 1.1974738784767573]
((((-1, -1, -1), (0, 0, 0), (0, 0, 1)), ((-1, 0, -1), (-1, 0, 1), (-1, 0, -1)), ((0, 0, 1), (-1, 0, 1), (-1, 1, 1))), 0, 0) : [2, -1.1974738784767573]
((((1, 1, 1), (0, 0, 0), (0, 0, -1)), ((1, 0, 1), (1, 0, -1), (0, 1, 1)), ((0, 0, -1), (1, 0, -1), (1, -1, -1))), 0, 0) : [2, 1.1376001845529193]
((((-1, -1, -1), (0, 0, 0), (0, 0, 1)), ((-1, 0, -1), (-1, 0, 1), (0, -1, -1)), ((0, 0, 1), (-1, 0, 1), (-1, 1, 1))), 0, 0) : [2, -1.1376001845529193]
((((1, 1, 1), (0, 0, -1), (0, 0, 0)), ((1, 0, 1), (1, 0, -1), (0, 1, 1)), ((0, 0, -1), (1, 0, -1), (1, -1, -1))), 0, 0) : [2, 1.0807201753252733]
((((-1, -1, -1), (0, 0, 1), (0, 0, 0)), ((-1, 0, -1), (-1, 0, 1), (0, -1, -1)), ((0, 0, 1), (-1, 0, 1), (-1, 1, 1))), 0, 0) : [2, -1.0807201753252733]
((((1, 1, 1), (0, 0, -1), (0, 0, 0)), ((1, 0, 1), (1, 0, -1), (1, 1, 1)), ((0, 0, -1), (1, 0, -1), (0, -1, -1))), 0, 0) : [2, 1.0266841665590096]
((((-1, -1, -1), (0, 0, 1), (0, 0, 0)), ((-1, 0, -1), (-1, 0, 1), (-1, -1, -1)), ((0, 0, 1), (-1, 0, 1), (0, 1, 1))), 0, 0) : [2, -1.0266841665590096]
((((1, 1, 1), (0, 0, -1), (0, 0, 0)), ((1, 0, 1), (1, 0, -1), (1, 1, 1)), ((0, 0, -1), (1, 0, -1), (-1, 0, -1))), 0, 0) : [2, 0.9753499582310591]
((((-1, -1, -1), (0, 0, 1), (0, 0, 0)), ((-1, 0, -1), (-1, 0, 1), (-1, -1, -1)), ((0, 0, 1), (-1, 0, 1), (1, 0, 1))), 0, 0) : [2, -0.9753499582310591]
((((1, 1, 1), (0, 0, -1), (-1, 0, 0)), ((1, 0, 1), (1, 0, -1), (1, 1, 1)), ((0, 0, -1), (1, 0, -1), (-1, 0, -1))), 0, 0) : [2, 0.9265824603195061]
((((-1, -1, -1), (0, 0, 1), (1, 0, 0)), ((-1, 0, -1), (-1, 0, 1), (-1, -1, -1)), ((0, 0, 1), (-1, 0, 1), (1, 0, 1))), 0, 0) : [2, -0.9265824603195061]
((((1, 0, 1), (0, 0, -1), (-1, 0, 0)), ((1, 1, 1), (1, 0, -1), (1, 1, 1)), ((0, 0, -1), (1, 0, -1), (-1, 0, -1))), 0, 0) : [2, 0.8802533373035307]
((((-1, 0, -1), (0, 0, 1), (1, 0, 0)), ((-1, -1, -1), (-1, 0, 1), (-1, -1, -1)), ((0, 0, 1), (-1, 0, 1), (1, 0, 1))), 0, 0) : [2, -0.8802533373035307]
((((1, 0, 1), (0, 0, -1), (0, -1, 0)), ((1, 1, 1), (1, 0, -1), (1, 1, 1)), ((0, 0, -1), (1, 0, -1), (-1, 0, -1))), 0, 0) : [2, 0.8362406704383542]
((((-1, 0, -1), (0, 0, 1), (0, 1, 0)), ((-1, -1, -1), (-1, 0, 1), (-1, -1, -1)), ((0, 0, 1), (-1, 0, 1), (1, 0, 1))), 0, 0) : [2, -0.8362406704383542]
((((0, 0, 1), (1, 0, -1), (0, -1, 0)), ((1, 1, 1), (1, 0, -1), (1, 1, 1)), ((0, 0, -1), (1, 0, -1), (-1, 0, -1))), 0, 0) : [2, 0.7944286369164364]
((((0, 0, -1), (-1, 0, 1), (0, 1, 0)), ((-1, -1, -1), (-1, 0, 1), (-1, -1, -1)), ((0, 0, 1), (-1, 0, 1), (1, 0, 1))), 0, 0) : [2, -0.7944286369164364]
((((0, 0, 1), (1, 0, -1), (0, 0, -1)), ((1, 1, 1), (1, 0, -1), (1, 1, 1)), ((0, 0, -1), (1, 0, -1), (-1, 0, -1))), 0, 0) : [2, 0.7547072050706145]
((((0, 0, -1), (-1, 0, 1), (0, 0, 1)), ((-1, -1, -1), (-1, 0, 1), (-1, -1, -1)), ((0, 0, 1), (-1, 0, 1), (1, 0, 1))), 0, 0) : [2, -0.7547072050706145]
((((0, 0, 1), (1, 0, -1), (0, 0, -1)), ((1, 1, 1), (1, 0, -1), (1, 1, 1)), ((-1, 0, -1), (1, 0, -1), (-1, 0, -1))), 0, 0) : [2, 0.7169718448170838]
((((0, 0, -1), (-1, 0, 1), (0, 0, 1)), ((-1, -1, -1), (-1, 0, 1), (-1, -1, -1)), ((1, 0, 1), (-1, 0, 1), (1, 0, 1))), 0, 0) : [2, -0.7169718448170838]
((((0, 0, 1), (0, 0, -1), (1, 0, -1)), ((1, 1, 1), (1, 0, -1), (1, 1, 1)), ((-1, 0, -1), (1, 0, -1), (-1, 0, -1))), 0, 0) : [2, 0.6811232525762296]
((((0, 0, -1), (0, 0, 1), (-1, 0, 1)), ((-1, -1, -1), (-1, 0, 1), (-1, -1, -1)), ((1, 0, 1), (-1, 0, 1), (1, 0, 1))), 0, 0) : [2, -0.6811232525762296]
((((0, 0, 1), (0, 0, -1), (1, -1, 0)), ((1, 1, 1), (1, 0, -1), (1, 1, 1)), ((-1, 0, -1), (1, 0, -1), (-1, 0, -1))), 0, 0) : [2, 0.647067089947418]
((((0, 0, -1), (0, 0, 1), (-1, 1, 0)), ((-1, -1, -1), (-1, 0, 1), (-1, -1, -1)), ((1, 0, 1), (-1, 0, 1), (1, 0, 1))), 0, 0) : [2, -0.647067089947418]
((((0, 0, 1), (1, 0, -1), (0, -1, 0)), ((1, 1, 1), (1, 0, -1), (1, 1, 1)), ((-1, 0, -1), (1, 0, -1), (-1, 0, -1))), 0, 0) : [2, 0.6147137354500471]
((((0, 0, -1), (-1, 0, 1), (0, 1, 0)), ((-1, -1, -1), (-1, 0, 1), (-1, -1, -1)), ((1, 0, 1), (-1, 0, 1), (1, 0, 1))), 0, 0) : [2, -0.6147137354500471]
((((0, 0, 1), (1, 0, -1), (-1, 0, 0)), ((1, 1, 1), (1, 0, -1), (1, 1, 1)), ((-1, 0, -1), (1, 0, -1), (-1, 0, -1))), 0, 0) : [2, 0.5839780486775448]
((((0, 0, -1), (-1, 0, 1), (1, 0, 0)), ((-1, -1, -1), (-1, 0, 1), (-1, -1, -1)), ((1, 0, 1), (-1, 0, 1), (1, 0, 1))), 0, 0) : [2, -0.5839780486775448]
((((-1, 0, 1), (1, 0, -1), (-1, 0, 0)), ((1, 1, 1), (1, 0, -1), (1, 1, 1)), ((-1, 0, -1), (1, 0, -1), (-1, 0, -1))), 0, 0) : [2, 0.5547791462436675]
((((1, 0, -1), (-1, 0, 1), (1, 0, 0)), ((-1, -1, -1), (-1, 0, 1), (-1, -1, -1)), ((1, 0, 1), (-1, 0, 1), (1, 0, 1))), 0, 0) : [2, -0.5547791462436675]
((((-1, 0, 1), (1, 0, -1), (-1, 0, 0)), ((1, 0, 1), (1, 0, -1), (1, 1, 1)), ((-1, 1, -1), (1, 0, -1), (-1, 0, -1))), 0, 0) : [2, 0.5270401889314841]
((((1, 0, -1), (-1, 0, 1), (1, 0, 0)), ((-1, 0, -1), (-1, 0, 1), (-1, -1, -1)), ((1, -1, 1), (-1, 0, 1), (1, 0, 1))), 0, 0) : [2, -0.5270401889314841]
((((-1, 0, 1), (1, 0, -1), (-1, 0, 0)), ((1, 0, 1), (1, 0, -1), (1, 1, 1)), ((-1, 1, -1), (1, 0, -1), (0, -1, -1))), 0, 0) : [2, 0.5006881794849098]
((((1, 0, -1), (-1, 0, 1), (1, 0, 0)), ((-1, 0, -1), (-1, 0, 1), (-1, -1, -1)), ((1, -1, 1), (-1, 0, 1), (0, 1, 1))), 0, 0) : [2, -0.5006881794849098]
((((-1, 0, 1), (1, 0, -1), (-1, 0, 0)), ((1, -1, 1), (1, 0, -1), (1, 1, 1)), ((-1, 1, -1), (1, 0, -1), (0, -1, -1))), 0, 0) : [2, 0.4756537705106643]
((((1, 0, -1), (-1, 0, 1), (1, 0, 0)), ((-1, 1, -1), (-1, 0, 1), (-1, -1, -1)), ((1, -1, 1), (-1, 0, 1), (0, 1, 1))), 0, 0) : [2, -0.4756537705106643]
((((-1, 0, 1), (1, 0, -1), (-1, 0, 0)), ((1, -1, 1), (1, 0, -1), (0, 1, 1)), ((-1, 1, -1), (1, 0, -1), (1, -1, -1))), 0, 0) : [2, 0.4518710819851311]
((((1, 0, -1), (-1, 0, 1), (1, 0, 0)), ((-1, 1, -1), (-1, 0, 1), (0, -1, -1)), ((1, -1, 1), (-1, 0, 1), (-1, 1, 1))), 0, 0) : [2, -0.4518710819851311]
((((-1, 0, 1), (1, 0, -1), (0, -1, 0)), ((1, -1, 1), (1, 0, -1), (0, 1, 1)), ((-1, 1, -1), (1, 0, -1), (1, -1, -1))), 0, 0) : [2, 0.42927752788587453]
((((1, 0, -1), (-1, 0, 1), (0, 1, 0)), ((-1, 1, -1), (-1, 0, 1), (0, -1, -1)), ((1, -1, 1), (-1, 0, 1), (-1, 1, 1))), 0, 0) : [2, -0.42927752788587453]
((((-1, 0, 1), (1, 0, -1), (0, -1, 1)), ((1, -1, 1), (1, 0, -1), (0, 1, 0)), ((-1, 1, -1), (1, 0, -1), (1, -1, -1))), 0, 0) : [2, 0.4078136514915808]
((((1, 0, -1), (-1, 0, 1), (0, 1, -1)), ((-1, 1, -1), (-1, 0, 1), (0, -1, 0)), ((1, -1, 1), (-1, 0, 1), (-1, 1, 1))), 0, 0) : [2, -0.4078136514915808]
((((0, -1, 1), (1, 0, -1), (0, -1, 1)), ((1, -1, 1), (1, 0, -1), (0, 1, 0)), ((-1, 1, -1), (1, 0, -1), (1, -1, -1))), 0, 0) : [2, 0.38742296891700173]
((((0, 1, -1), (-1, 0, 1), (0, 1, -1)), ((-1, 1, -1), (-1, 0, 1), (0, -1, 0)), ((1, -1, 1), (-1, 0, 1), (-1, 1, 1))), 0, 0) : [2, -0.38742296891700173]
((((0, -1, 1), (1, 0, -1), (0, -1, 1)), ((1, -1, 1), (1, 0, -1), (-1, 1, 0)), ((-1, 1, -1), (1, 0, -1), (1, -1, -1))), 0, 0) : [2, 0.36805182047115165]
((((0, 1, -1), (-1, 0, 1), (0, 1, -1)), ((-1, 1, -1), (-1, 0, 1), (1, -1, 0)), ((1, -1, 1), (-1, 0, 1), (-1, 1, 1))), 0, 0) : [2, -0.36805182047115165]
((((1, -1, 1), (0, 0, -1), (0, -1, 1)), ((1, -1, 1), (1, 0, -1), (-1, 1, 0)), ((-1, 1, -1), (1, 0, -1), (1, -1, -1))), 0, 0) : [2, 0.349649229447594]
((((-1, 1, -1), (0, 0, 1), (0, 1, -1)), ((-1, 1, -1), (-1, 0, 1), (1, -1, 0)), ((1, -1, 1), (-1, 0, 1), (-1, 1, 1))), 0, 0) : [2, -0.349649229447594]
((((1, -1, 1), (0, 0, -1), (1, -1, 1)), ((1, -1, 1), (1, 0, -1), (-1, 1, 0)), ((-1, 1, -1), (1, 0, -1), (1, -1, -1))), 0, 0) : [2, 0.3321667679752143]
((((-1, 1, -1), (0, 0, 1), (-1, 1, -1)), ((-1, 1, -1), (-1, 0, 1), (1, -1, 0)), ((1, -1, 1), (-1, 0, 1), (-1, 1, 1))), 0, 0) : [2, -0.3321667679752143]
((((1, -1, 1), (0, 0, -1), (1, -1, 1)), ((1, -1, 1), (1, 0, -1), (-1, 1, -1)), ((-1, 1, -1), (1, 0, -1), (1, -1, 0))), 0, 0) : [2, 0.3155584295764536]
((((-1, 1, -1), (0, 0, 1), (-1, 1, -1)), ((-1, 1, -1), (-1, 0, 1), (1, -1, 1)), ((1, -1, 1), (-1, 0, 1), (-1, 1, 0))), 0, 0) : [2, -0.3155584295764536]
((((1, -1, 1), (1, 0, -1), (0, -1, 1)), ((1, -1, 1), (1, 0, -1), (-1, 1, -1)), ((-1, 1, -1), (1, 0, -1), (1, -1, 0))), 0, 0) : [2, 0.2997805080976309]
((((-1, 1, -1), (-1, 0, 1), (0, 1, -1)), ((-1, 1, -1), (-1, 0, 1), (1, -1, 1)), ((1, -1, 1), (-1, 0, 1), (-1, 1, 0))), 0, 0) : [2, -0.2997805080976309]
((((1, -1, 1), (1, 0, -1), (-1, 0, 1)), ((1, -1, 1), (1, 0, -1), (-1, 1, -1)), ((-1, 1, -1), (1, 0, -1), (1, -1, 0))), 0, 0) : [2, 0.28479148269274934]
((((-1, 1, -1), (-1, 0, 1), (1, 0, -1)), ((-1, 1, -1), (-1, 0, 1), (1, -1, 1)), ((1, -1, 1), (-1, 0, 1), (-1, 1, 0))), 0, 0) : [2, -0.28479148269274934]
((((1, -1, 1), (1, 0, -1), (-1, 1, 0)), ((1, -1, 1), (1, 0, -1), (-1, 1, -1)), ((-1, 1, -1), (1, 0, -1), (1, -1, 0))), 0, 0) : [2, 0.27055190855811184]
((((-1, 1, -1), (-1, 0, 1), (1, -1, 0)), ((-1, 1, -1), (-1, 0, 1), (1, -1, 1)), ((1, -1, 1), (-1, 0, 1), (-1, 1, 0))), 0, 0) : [2, -0.27055190855811184]
((((1, -1, 1), (1, 0, -1), (-1, 1, 0)), ((1, -1, 1), (1, 0, -1), (-1, 1, -1)), ((-1, 1, 0), (1, 0, -1), (1, -1, 0))), 0, 1) : [2, 0.25702431313020624]
((((-1, 1, -1), (-1, 0, 1), (1, -1, 0)), ((-1, 1, -1), (-1, 0, 1), (1, -1, 1)), ((1, -1, 0), (-1, 0, 1), (-1, 1, 0))), 1, 0) : [2, -0.25702431313020624]
((((1, -1, 1), (1, 0, -1), (-1, 1, 0)), ((1, -1, 0), (1, 0, -1), (-1, 1, -1)), ((-1, 1, 0), (1, 0, -1), (1, -1, 0))), 1, 1) : [2, 0.24417309747369592]
((((-1, 1, -1), (-1, 0, 1), (1, -1, 0)), ((-1, 1, 0), (-1, 0, 1), (1, -1, 1)), ((1, -1, 0), (-1, 0, 1), (-1, 1, 0))), 1, 1) : [2, -0.24417309747369592]
((((1, -1, 1), (1, 0, -1), (-1, 1, 0)), ((1, -1, 1), (1, 0, -1), (-1, 1, -1)), ((-1, 1, 0), (1, 0, -1), (1, -1, 0))), 1, 1) : [2, 0.23196444260001112]
((((-1, 1, -1), (-1, 0, 1), (1, -1, 0)), ((-1, 1, -1), (-1, 0, 1), (1, -1, 1)), ((1, -1, 0), (-1, 0, 1), (-1, 1, 0))), 1, 1) : [2, -0.23196444260001112]
((((1, -1, 1), (1, 0, -1), (-1, 1, 0)), ((1, -1, 1), (1, 0, -1), (-1, 1, -1)), ((-1, 1, 0), (1, 0, 0), (1, -1, 0))), 1, 2) : [2, 0.22036622047001056]
((((-1, 1, -1), (-1, 0, 1), (1, -1, 0)), ((-1, 1, -1), (-1, 0, 1), (1, -1, 1)), ((1, -1, 0), (-1, 0, 0), (-1, 1, 0))), 2, 1) : [2, -0.22036622047001056]
((((1, -1, 1), (1, 0, -1), (-1, 1, 0)), ((1, -1, 0), (1, 0, -1), (-1, 1, -1)), ((-1, 1, 0), (1, 0, 0), (1, -1, 0))), 2, 2) : [2, 0.20934790944651002]
((((-1, 1, -1), (-1, 0, 1), (1, -1, 0)), ((-1, 1, 0), (-1, 0, 1), (1, -1, 1)), ((1, -1, 0), (-1, 0, 0), (-1, 1, 0))), 2, 2) : [2, -0.20934790944651002]
((((1, -1, 1), (1, 0, -1), (-1, 1, 0)), ((1, -1, 0), (1, 0, 0), (-1, 1, -1)), ((-1, 1, 0), (1, 0, 0), (1, -1, 0))), 2, 3) : [2, 0.1988805139741845]
((((-1, 1, -1), (-1, 0, 1), (1, -1, 0)), ((-1, 1, 0), (-1, 0, 0), (1, -1, 1)), ((1, -1, 0), (-1, 0, 0), (-1, 1, 0))), 3, 2) : [2, -0.1988805139741845]
((((1, -1, 0), (1, 0, -1), (-1, 1, 0)), ((1, -1, 0), (1, 0, 0), (-1, 1, -1)), ((-1, 1, 0), (1, 0, 0), (1, -1, 0))), 3, 3) : [2, 0.18893648827547527]
((((-1, 1, 0), (-1, 0, 1), (1, -1, 0)), ((-1, 1, 0), (-1, 0, 0), (1, -1, 1)), ((1, -1, 0), (-1, 0, 0), (-1, 1, 0))), 3, 3) : [2, -0.18893648827547527]
((((1, -1, 0), (1, 0, 0), (-1, 1, 0)), ((1, -1, 0), (1, 0, 0), (-1, 1, -1)), ((-1, 1, 0), (1, 0, 0), (1, -1, 0))), 3, 4) : [2, 0.1794896638617015]
((((-1, 1, 0), (-1, 0, 0), (1, -1, 0)), ((-1, 1, 0), (-1, 0, 0), (1, -1, 1)), ((1, -1, 0), (-1, 0, 0), (-1, 1, 0))), 4, 3) : [2, -0.1794896638617015]
((((1, -1, 0), (1, 0, 0), (-1, 1, 0)), ((1, -1, 0), (1, 0, 0), (-1, 0, -1)), ((-1, 1, 0), (1, 0, 0), (1, -1, 0))), 4, 4) : [2, 0.1705151806686164]
((((-1, 1, 0), (-1, 0, 0), (1, -1, 0)), ((-1, 1, 0), (-1, 0, 0), (1, 0, 1)), ((1, -1, 0), (-1, 0, 0), (-1, 1, 0))), 4, 4) : [2, -0.1705151806686164]
((((1, -1, 0), (1, 0, 0), (-1, 1, 0)), ((1, -1, 0), (1, 0, 0), (-1, 0, 0)), ((-1, 1, 0), (1, 0, 0), (1, -1, 0))), 4, 5) : [2, 0.1619894216351856]
((((-1, 1, 0), (-1, 0, 0), (1, -1, 0)), ((-1, 1, 0), (-1, 0, 0), (1, 0, 0)), ((1, -1, 0), (-1, 0, 0), (-1, 1, 0))), 5, 4) : [2, -0.1619894216351856]
((((1, -1, 0), (1, 0, 0), (-1, 0, 0)), ((1, -1, 0), (1, 0, 0), (-1, 0, 0)), ((-1, 1, 0), (1, 0, 0), (1, -1, 0))), 5, 5) : [2, 0.1538899505534263]
((((-1, 1, 0), (-1, 0, 0), (1, 0, 0)), ((-1, 1, 0), (-1, 0, 0), (1, 0, 0)), ((1, -1, 0), (-1, 0, 0), (-1, 1, 0))), 5, 5) : [2, -0.1538899505534263]
((((1, -1, 0), (1, 0, 0), (-1, 0, 0)), ((1, -1, 0), (1, 0, 0), (-1, 0, 0)), ((-1, 1, 0), (1, 0, 0), (1, 0, 0))), 5, 6) : [3, -0.13119412009607878]
((((-1, 1, 0), (-1, 0, 0), (1, 0, 0)), ((-1, 1, 0), (-1, 0, 0), (1, 0, 0)), ((1, -1, 0), (-1, 0, 0), (-1, 0, 0))), 6, 5) : [3, 0.13119412009607878]
((((1, -1, 0), (1, 0, 0), (-1, 0, 0)), ((1, -1, 0), (1, 0, 0), (-1, 0, 0)), ((-1, 0, 0), (1, 0, 0), (1, 0, 0))), 6, 6) : [3, -0.1246344140912748]
((((-1, 1, 0), (-1, 0, 0), (1, 0, 0)), ((-1, 1, 0), (-1, 0, 0), (1, 0, 0)), ((1, 0, 0), (-1, 0, 0), (-1, 0, 0))), 6, 6) : [3, 0.1246344140912748]
((((1, -1, 0), (1, 0, 0), (-1, 0, 0)), ((1, 0, 0), (1, 0, 0), (-1, 0, 0)), ((-1, 0, 0), (1, 0, 0), (1, 0, 0))), 6, 7) : [3, -0.11840269338671106]
((((-1, 1, 0), (-1, 0, 0), (1, 0, 0)), ((-1, 0, 0), (-1, 0, 0), (1, 0, 0)), ((1, 0, 0), (-1, 0, 0), (-1, 0, 0))), 7, 6) : [3, 0.11840269338671106]
((((1, -1, 0), (1, 0, 0), (-1, 0, 0)), ((1, 0, 0), (1, 0, 0), (-1, 0, 0)), ((-1, 0, 0), (1, 0, 0), (0, 0, 0))), 7, 7) : [3, -0.11248255871737552]
((((-1, 1, 0), (-1, 0, 0), (1, 0, 0)), ((-1, 0, 0), (-1, 0, 0), (1, 0, 0)), ((1, 0, 0), (-1, 0, 0), (0, 0, 0))), 7, 7) : [3, 0.11248255871737552]
((((1, -1, 0), (1, 0, 0), (0, 0, 0)), ((1, 0, 0), (1, 0, 0), (-1, 0, 0)), ((-1, 0, 0), (1, 0, 0), (0, 0, 0))), 7, 8) : [3, -0.10685843078150672]
((((-1, 1, 0), (-1, 0, 0), (0, 0, 0)), ((-1, 0, 0), (-1, 0, 0), (1, 0, 0)), ((1, 0, 0), (-1, 0, 0), (0, 0, 0))), 8, 7) : [3, 0.10685843078150672]
((((1, -1, 0), (1, 0, 0), (-1, 0, 0)), ((1, 0, 0), (1, 0, 0), (-1, 0, 0)), ((-1, 0, 0), (1, 0, 0), (0, 0, 0))), 7, 8) : [3, -0.10151550924243138]
((((-1, 1, 0), (-1, 0, 0), (1, 0, 0)), ((-1, 0, 0), (-1, 0, 0), (1, 0, 0)), ((1, 0, 0), (-1, 0, 0), (0, 0, 0))), 8, 7) : [3, 0.10151550924243138]
((((1, -1, 0), (1, 0, 0), (-1, 0, 0)), ((1, 0, 0), (1, 0, 0), (-1, 0, 0)), ((-1, 0, 0), (0, 0, 0), (0, 0, 0))), 8, 8) : [3, -0.09643973378030983]
((((-1, 1, 0), (-1, 0, 0), (1, 0, 0)), ((-1, 0, 0), (-1, 0, 0), (1, 0, 0)), ((1, 0, 0), (0, 0, 0), (0, 0, 0))), 8, 8) : [3, 0.09643973378030983]
((((1, -1, 0), (1, 0, 0), (-1, 0, 0)), ((1, 0, 0), (1, 0, 0), (0, 0, 0)), ((-1, 0, 0), (0, 0, 0), (0, 0, 0))), 8, 9) : [3, -0.09161774709129432]
((((-1, 1, 0), (-1, 0, 0), (1, 0, 0)), ((-1, 0, 0), (-1, 0, 0), (0, 0, 0)), ((1, 0, 0), (0, 0, 0), (0, 0, 0))), 9, 8) : [3, 0.09161774709129432]
((((1, -1, 0), (1, 0, 0), (-1, 0, 0)), ((1, 0, 0), (0, 0, 0), (0, 0, 0)), ((-1, 0, 0), (0, 0, 0), (0, 0, 0))), 9, 9) : [3, -0.08703685973672962]
((((-1, 1, 0), (-1, 0, 0), (1, 0, 0)), ((-1, 0, 0), (0, 0, 0), (0, 0, 0)), ((1, 0, 0), (0, 0, 0), (0, 0, 0))), 9, 9) : [3, 0.08703685973672962]
((((1, -1, 0), (1, 0, 0), (-1, 0, 0)), ((1, 0, 0), (0, 0, 0), (0, 0, 0)), ((0, 0, 0), (0, 0, 0), (0, 0, 0))), 9, 10) : [3, -0.0826850167498931]
((((-1, 1, 0), (-1, 0, 0), (1, 0, 0)), ((-1, 0, 0), (0, 0, 0), (0, 0, 0)), ((0, 0, 0), (0, 0, 0), (0, 0, 0))), 10, 9) : [3, 0.0826850167498931]
((((1, -1, 0), (1, 0, 0), (-1, 0, 0)), ((0, 0, 0), (0, 0, 0), (0, 0, 0)), ((0, 0, 0), (0, 0, 0), (0, 0, 0))), 10, 10) : [3, -0.07855076591239848]
((((-1, 1, 0), (-1, 0, 0), (1, 0, 0)), ((0, 0, 0), (0, 0, 0), (0, 0, 0)), ((0, 0, 0), (0, 0, 0), (0, 0, 0))), 10, 10) : [3, 0.07855076591239848]
((((1, -1, 0), (1, 0, 0), (0, 0, 0)), ((0, 0, 0), (0, 0, 0), (0, 0, 0)), ((0, 0, 0), (0, 0, 0), (0, 0, 0))), 10, 11) : [3, -0.07462322761677853]
((((-1, 1, 0), (-1, 0, 0), (0, 0, 0)), ((0, 0, 0), (0, 0, 0), (0, 0, 0)), ((0, 0, 0), (0, 0, 0), (0, 0, 0))), 11, 10) : [3, 0.07462322761677853]
((((1, -1, 0), (0, 0, 0), (0, 0, 0)), ((0, 0, 0), (0, 0, 0), (0, 0, 0)), ((0, 0, 0), (0, 0, 0), (0, 0, 0))), 11, 11) : [3, -0.07089206623593963]
((((-1, 1, 0), (0, 0, 0), (0, 0, 0)), ((0, 0, 0), (0, 0, 0), (0, 0, 0)), ((0, 0, 0), (0, 0, 0), (0, 0, 0))), 11, 11) : [3, 0.07089206623593963]
((((1, 0, 0), (0, 0, 0), (0, 0, 0)), ((0, 0, 0), (0, 0, 0), (0, 0, 0)), ((0, 0, 0), (0, 0, 0), (0, 0, 0))), 11, 12) : [5, 0.13676674878620462]
((((-1, 0, 0), (0, 0, 0), (0, 0, 0)), ((0, 0, 0), (0, 0, 0), (0, 0, 0)), ((0, 0, 0), (0, 0, 0), (0, 0, 0))), 12, 11) : [5, -0.13676674878620462]
((((0, 0, 0), (0, 0, 0), (0, 0, 0)), ((0, 0, 0), (0, 0, 0), (0, 0, 0)), ((0, 0, 0), (0, 0, 0), (0, 0, 0))), 12, 12) : [12, 0.0]
((((1, 1, -1), (1, 0, 0), (-1, 1, -1)), ((1, -1, 1), (-1, 0, -1), (1, -1, 0)), ((-1, 1, -1), (1, 0, 0), (-1, 1, -1))), 0, 0) : [1, -1.0]
((((-1, -1, 1), (-1, 0, 0), (1, -1, 1)), ((-1, 1, -1), (1, 0, 1), (-1, 1, 0)), ((1, -1, 1), (-1, 0, 0), (1, -1, 1))), 0, 0) : [1, 1.0]
((((1, 1, -1), (1, 0, 0), (-1, 1, -1)), ((1, -1, 1), (-1, 0, -1), (1, 0, -1)), ((-1, 1, -1), (1, 0, 0), (-1, 1, -1))), 0, 0) : [1, -0.95]
((((-1, -1, 1), (-1, 0, 0), (1, -1, 1)), ((-1, 1, -1), (1, 0, 1), (-1, 0, 1)), ((1, -1, 1), (-1, 0, 0), (1, -1, 1))), 0, 0) : [1, 0.95]
((((1, 1, -1), (1, 0, 0), (-1, 1, -1)), ((1, -1, 1), (-1, 0, -1), (1, 1, -1)), ((-1, 1, -1), (1, 0, 0), (-1, 0, -1))), 0, 0) : [1, -0.9025]
((((-1, -1, 1), (-1, 0, 0), (1, -1, 1)), ((-1, 1, -1), (1, 0, 1), (-1, -1, 1)), ((1, -1, 1), (-1, 0, 0), (1, 0, 1))), 0, 0) : [1, 0.9025]
((((1, 1, -1), (1, 0, 0), (-1, 1, -1)), ((1, -1, 1), (-1, 0, -1), (1, 1, -1)), ((-1, 1, -1), (1, 0, 0), (0, -1, -1))), 0, 0) : [1, -0.8573749999999999]
((((-1, -1, 1), (-1, 0, 0), (1, -1, 1)), ((-1, 1, -1), (1, 0, 1), (-1, -1, 1)), ((1, -1, 1), (-1, 0, 0), (0, 1, 1))), 0, 0) : [1, 0.8573749999999999]
((((1, 1, -1), (1, 0, 0), (-1, 1, -1)), ((1, -1, 1), (-1, 0, -1), (0, 1, -1)), ((-1, 1, -1), (1, 0, 0), (1, -1, -1))), 0, 0) : [1, -0.8145062499999999]
((((-1, -1, 1), (-1, 0, 0), (1, -1, 1)), ((-1, 1, -1), (1, 0, 1), (0, -1, 1)), ((1, -1, 1), (-1, 0, 0), (-1, 1, 1))), 0, 0) : [1, 0.8145062499999999]
((((1, 1, -1), (1, 0, 0), (-1, 1, -1)), ((1, -1, 1), (0, 0, -1), (-1, 1, -1)), ((-1, 1, -1), (1, 0, 0), (1, -1, -1))), 0, 0) : [1, -0.7737809374999998]
((((-1, -1, 1), (-1, 0, 0), (1, -1, 1)), ((-1, 1, -1), (0, 0, 1), (1, -1, 1)), ((1, -1, 1), (-1, 0, 0), (-1, 1, 1))), 0, 0) : [1, 0.7737809374999998]
((((1, 1, -1), (1, 0, 0), (-1, 1, -1)), ((0, -1, 1), (1, 0, -1), (-1, 1, -1)), ((-1, 1, -1), (1, 0, 0), (1, -1, -1))), 0, 0) : [1, -0.7350918906249998]
((((-1, -1, 1), (-1, 0, 0), (1, -1, 1)), ((0, 1, -1), (-1, 0, 1), (1, -1, 1)), ((1, -1, 1), (-1, 0, 0), (-1, 1, 1))), 0, 0) : [1, 0.7350918906249998]
((((1, 1, -1), (1, 0, 0), (-1, 1, -1)), ((0, -1, 1), (1, 0, 0), (-1, 1, -1)), ((-1, 1, -1), (1, 0, -1), (1, -1, -1))), 0, 0) : [1, -0.6983372960937497]
((((-1, -1, 1), (-1, 0, 0), (1, -1, 1)), ((0, 1, -1), (-1, 0, 0), (1, -1, 1)), ((1, -1, 1), (-1, 0, 1), (-1, 1, 1))), 0, 0) : [1, 0.6983372960937497]
((((0, 1, -1), (1, 0, 0), (-1, 1, -1)), ((1, -1, 1), (1, 0, 0), (-1, 1, -1)), ((-1, 1, -1), (1, 0, -1), (1, -1, -1))), 0, 0) : [1, -0.6634204312890623]
((((0, -1, 1), (-1, 0, 0), (1, -1, 1)), ((-1, 1, -1), (-1, 0, 0), (1, -1, 1)), ((1, -1, 1), (-1, 0, 1), (-1, 1, 1))), 0, 0) : [1, 0.6634204312890623]
((((0, 1, -1), (1, 0, 1), (-1, 1, -1)), ((1, -1, 1), (1, 0, 0), (-1, 1, -1)), ((-1, 1, -1), (1, 0, -1), (1, -1, -1))), 0, 0) : [1, -0.6302494097246091]
((((0, -1, 1), (-1, 0, -1), (1, -1, 1)), ((-1, 1, -1), (-1, 0, 0), (1, -1, 1)), ((1, -1, 1), (-1, 0, 1), (-1, 1, 1))), 0, 0) : [1, 0.6302494097246091]
((((0, 1, -1), (1, 0, 1), (-1, 1, -1)), ((1, -1, 1), (1, 0, -1), (-1, 1, -1)), ((-1, 1, -1), (1, 0, 0), (1, -1, -1))), 0, 0) : [1, -0.5987369392383787]
((((0, -1, 1), (-1, 0, -1), (1, -1, 1)), ((-1, 1, -1), (-1, 0, 1), (1, -1, 1)), ((1, -1, 1), (-1, 0, 0), (-1, 1, 1))), 0, 0) : [1, 0.5987369392383787]
((((1, 0, -1), (1, 0, 1), (-1, 1, -1)), ((1, -1, 1), (1, 0, -1), (-1, 1, -1)), ((-1, 1, -1), (1, 0, 0), (1, -1, -1))), 0, 0) : [1, -0.5688000922764597]
((((-1, 0, 1), (-1, 0, -1), (1, -1, 1)), ((-1, 1, -1), (-1, 0, 1), (1, -1, 1)), ((1, -1, 1), (-1, 0, 0), (-1, 1, 1))), 0, 0) : [1, 0.5688000922764597]
((((1, -1, 0), (1, 0, 1), (-1, 1, -1)), ((1, -1, 1), (1, 0, -1), (-1, 1, -1)), ((-1, 1, -1), (1, 0, 0), (1, -1, -1))), 0, 0) : [1, -0.5403600876626367]
((((-1, 1, 0), (-1, 0, -1), (1, -1, 1)), ((-1, 1, -1), (-1, 0, 1), (1, -1, 1)), ((1, -1, 1), (-1, 0, 0), (-1, 1, 1))), 0, 0) : [1, 0.5403600876626367]
((((1, -1, 1), (1, 0, 0), (-1, 1, -1)), ((1, -1, 1), (1, 0, -1), (-1, 1, -1)), ((-1, 1, -1), (1, 0, 0), (1, -1, -1))), 0, 0) : [1, -0.5133420832795048]
((((-1, 1, -1), (-1, 0, 0), (1, -1, 1)), ((-1, 1, -1), (-1, 0, 1), (1, -1, 1)), ((1, -1, 1), (-1, 0, 0), (-1, 1, 1))), 0, 0) : [1, 0.5133420832795048]
((((1, -1, 1), (1, 0, 0), (-1, 1, -1)), ((1, -1, 1), (1, 0, -1), (-1, 1, -1)), ((-1, 1, 0), (1, 0, 0), (1, -1, -1))), 0, 1) : [1, -0.48767497911552954]
((((-1, 1, -1), (-1, 0, 0), (1, -1, 1)), ((-1, 1, -1), (-1, 0, 1), (1, -1, 1)), ((1, -1, 0), (-1, 0, 0), (-1, 1, 1))), 1, 0) : [1, 0.48767497911552954]
((((1, -1, 0), (1, 0, 0), (-1, 1, -1)), ((1, -1, 1), (1, 0, -1), (-1, 1, -1)), ((-1, 1, 0), (1, 0, 0), (1, -1, -1))), 1, 1) : [1, -0.46329123015975304]
((((-1, 1, 0), (-1, 0, 0), (1, -1, 1)), ((-1, 1, -1), (-1, 0, 1), (1, -1, 1)), ((1, -1, 0), (-1, 0, 0), (-1, 1, 1))), 1, 1) : [1, 0.46329123015975304]
((((1, -1, 0), (1, 0, 0), (-1, 1, -1)), ((1, -1, 1), (1, 0, 0), (-1, 1, -1)), ((-1, 1, 0), (1, 0, 0), (1, -1, -1))), 1, 2) : [1, -0.44012666865176536]
((((-1, 1, 0), (-1, 0, 0), (1, -1, 1)), ((-1, 1, -1), (-1, 0, 0), (1, -1, 1)), ((1, -1, 0), (-1, 0, 0), (-1, 1, 1))), 2, 1) : [1, 0.44012666865176536]
((((1, -1, 0), (1, 0, 0), (-1, 1, -1)), ((1, -1, 0), (1, 0, 0), (-1, 1, -1)), ((-1, 1, 0), (1, 0, 0), (1, -1, -1))), 2, 2) : [1, -0.4181203352191771]
((((-1, 1, 0), (-1, 0, 0), (1, -1, 1)), ((-1, 1, 0), (-1, 0, 0), (1, -1, 1)), ((1, -1, 0), (-1, 0, 0), (-1, 1, 1))), 2, 2) : [1, 0.4181203352191771]
((((1, -1, 0), (1, 0, 0), (-1, 1, -1)), ((1, -1, 0), (1, 0, 0), (-1, 1, -1)), ((-1, 1, 0), (1, 0, 0), (1, 0, -1))), 2, 3) : [1, -0.3972143184582182]
((((-1, 1, 0), (-1, 0, 0), (1, -1, 1)), ((-1, 1, 0), (-1, 0, 0), (1, -1, 1)), ((1, -1, 0), (-1, 0, 0), (-1, 0, 1))), 3, 2) : [1, 0.3972143184582182]
((((1, -1, 0), (1, 0, 0), (-1, 0, -1)), ((1, -1, 0), (1, 0, 0), (-1, 1, -1)), ((-1, 1, 0), (1, 0, 0), (1, 0, -1))), 3, 3) : [1, -0.37735360253530725]
((((-1, 1, 0), (-1, 0, 0), (1, 0, 1)), ((-1, 1, 0), (-1, 0, 0), (1, -1, 1)), ((1, -1, 0), (-1, 0, 0), (-1, 0, 1))), 3, 3) : [1, 0.37735360253530725]
((((1, -1, 0), (1, 0, 0), (-1, 1, -1)), ((1, -1, 0), (1, 0, 0), (-1, 1, -1)), ((-1, 1, 0), (1, 0, 0), (1, 0, -1))), 3, 3) : [1, -0.3584859224085419]
((((-1, 1, 0), (-1, 0, 0), (1, -1, 1)), ((-1, 1, 0), (-1, 0, 0), (1, -1, 1)), ((1, -1, 0), (-1, 0, 0), (-1, 0, 1))), 3, 3) : [1, 0.3584859224085419]
((((1, -1, 0), (1, 0, 0), (-1, 1, -1)), ((1, -1, 0), (1, 0, 0), (-1, 1, -1)), ((-1, 1, 0), (1, 0, 0), (1, 0, 0))), 3, 4) : [1, -0.3405616262881148]
((((-1, 1, 0), (-1, 0, 0), (1, -1, 1)), ((-1, 1, 0), (-1, 0, 0), (1, -1, 1)), ((1, -1, 0), (-1, 0, 0), (-1, 0, 0))), 4, 3) : [1, 0.3405616262881148]
((((1, -1, 0), (1, 0, 0), (-1, 1, -1)), ((1, -1, 0), (1, 0, 0), (-1, 0, -1)), ((-1, 1, 0), (1, 0, 0), (1, 0, 0))), 4, 4) : [1, -0.323533544973709]
((((-1, 1, 0), (-1, 0, 0), (1, -1, 1)), ((-1, 1, 0), (-1, 0, 0), (1, 0, 1)), ((1, -1, 0), (-1, 0, 0), (-1, 0, 0))), 4, 4) : [1, 0.323533544973709]
((((1, -1, 0), (1, 0, 0), (-1, 1, -1)), ((1, -1, 0), (1, 0, 0), (-1, 0, 0)), ((-1, 1, 0), (1, 0, 0), (1, 0, 0))), 4, 5) : [1, -0.3073568677250236]
((((-1, 1, 0), (-1, 0, 0), (1, -1, 1)), ((-1, 1, 0), (-1, 0, 0), (1, 0, 0)), ((1, -1, 0), (-1, 0, 0), (-1, 0, 0))), 5, 4) : [1, 0.3073568677250236]
((((1, -1, 0), (1, 0, 0), (-1, 0, -1)), ((1, -1, 0), (1, 0, 0), (-1, 0, 0)), ((-1, 1, 0), (1, 0, 0), (1, 0, 0))), 5, 5) : [1, -0.2919890243387724]
((((-1, 1, 0), (-1, 0, 0), (1, 0, 1)), ((-1, 1, 0), (-1, 0, 0), (1, 0, 0)), ((1, -1, 0), (-1, 0, 0), (-1, 0, 0))), 5, 5) : [1, 0.2919890243387724]
((((-1, -1, 0), (-1, 0, -1), (-1, 0, 0)), ((0, -1, 0), (-1, 0, 1), (-1, 0, 0)), ((-1, 0, 1), (0, 0, 0), (-1, -1, -1))), 0, 0) : [1, -1.0]
((((1, 1, 0), (1, 0, 1), (1, 0, 0)), ((0, 1, 0), (1, 0, -1), (1, 0, 0)), ((1, 0, -1), (0, 0, 0), (1, 1, 1))), 0, 0) : [1, 1.0]
((((-1, -1, 0), (-1, 0, -1), (-1, 0, 1)), ((0, -1, 0), (-1, 0, 1), (-1, 0, 0)), ((-1, 0, 1), (0, 0, 0), (-1, -1, -1))), 0, 0) : [1, -0.95]
((((1, 1, 0), (1, 0, 1), (1, 0, -1)), ((0, 1, 0), (1, 0, -1), (1, 0, 0)), ((1, 0, -1), (0, 0, 0), (1, 1, 1))), 0, 0) : [1, 0.95]
((((-1, -1, 0), (-1, 0, -1), (-1, 0, 1)), ((0, -1, 0), (-1, 0, 1), (-1, 0, 0)), ((-1, 0, 1), (0, 0, -1), (-1, -1, 0))), 0, 0) : [1, -0.9025]
((((1, 1, 0), (1, 0, 1), (1, 0, -1)), ((0, 1, 0), (1, 0, -1), (1, 0, 0)), ((1, 0, -1), (0, 0, 1), (1, 1, 0))), 0, 0) : [1, 0.9025]
((((-1, -1, 0), (-1, 0, -1), (-1, 1, 0)), ((0, -1, 0), (-1, 0, 1), (-1, 0, 0)), ((-1, 0, 1), (0, 0, -1), (-1, -1, 0))), 0, 0) : [1, -0.8573749999999999]
((((1, 1, 0), (1, 0, 1), (1, -1, 0)), ((0, 1, 0), (1, 0, -1), (1, 0, 0)), ((1, 0, -1), (0, 0, 1), (1, 1, 0))), 0, 0) : [1, 0.8573749999999999]
((((-1, -1, 0), (-1, 0, -1), (-1, 1, 0)), ((0, -1, 0), (-1, 0, 1), (-1, 0, 0)), ((-1, 1, 1), (0, 0, -1), (-1, -1, 0))), 0, 0) : [1, -0.8145062499999999]
((((1, 1, 0), (1, 0, 1), (1, -1, 0)), ((0, 1, 0), (1, 0, -1), (1, 0, 0)), ((1, -1, -1), (0, 0, 1), (1, 1, 0))), 0, 0) : [1, 0.8145062499999999]
((((0, -1, 0), (-1, 0, -1), (-1, 1, 0)), ((-1, -1, 0), (-1, 0, 1), (-1, 0, 0)), ((-1, 1, 1), (0, 0, -1), (-1, -1, 0))), 0, 0) : [1, -0.7737809374999998]
((((0, 1, 0), (1, 0, 1), (1, -1, 0)), ((1, 1, 0), (1, 0, -1), (1, 0, 0)), ((1, -1, -1), (0, 0, 1), (1, 1, 0))), 0, 0) : [1, 0.7737809374999998]
((((0, -1, 0), (-1, 0, -1), (-1, 1, 0)), ((-1, -1, 1), (-1, 0, 0), (-1, 0, 0)), ((-1, 1, 1), (0, 0, -1), (-1, -1, 0))), 0, 0) : [1, -0.7350918906249998]
((((0, 1, 0), (1, 0, 1), (1, -1, 0)), ((1, 1, -1), (1, 0, 0), (1, 0, 0)), ((1, -1, -1), (0, 0, 1), (1, 1, 0))), 0, 0) : [1, 0.7350918906249998]
((((0, -1, -1), (-1, 0, 0), (-1, 1, 0)), ((-1, -1, 1), (-1, 0, 0), (-1, 0, 0)), ((-1, 1, 1), (0, 0, -1), (-1, -1, 0))), 0, 0) : [1, -0.6983372960937497]
((((0, 1, 1), (1, 0, 0), (1, -1, 0)), ((1, 1, -1), (1, 0, 0), (1, 0, 0)), ((1, -1, -1), (0, 0, 1), (1, 1, 0))), 0, 0) : [1, 0.6983372960937497]
((((0, -1, -1), (-1, 0, 0), (-1, 0, 0)), ((-1, -1, 1), (-1, 0, 0), (-1, 1, 0)), ((-1, 1, 1), (0, 0, -1), (-1, -1, 0))), 0, 0) : [1, -0.6634204312890623]
((((0, 1, 1), (1, 0, 0), (1, 0, 0)), ((1, 1, -1), (1, 0, 0), (1, -1, 0)), ((1, -1, -1), (0, 0, 1), (1, 1, 0))), 0, 0) : [1, 0.6634204312890623]
((((0, -1, -1), (-1, 0, 0), (-1, 1, 0)), ((-1, -1, 1), (-1, 0, 0), (-1, 1, 0)), ((-1, 1, 1), (0, 0, -1), (-1, -1, 0))), 0, 0) : [1, -0.6302494097246091]
((((0, 1, 1), (1, 0, 0), (1, -1, 0)), ((1, 1, -1), (1, 0, 0), (1, -1, 0)), ((1, -1, -1), (0, 0, 1), (1, 1, 0))), 0, 0) : [1, 0.6302494097246091]
((((-1, -1, -1), (-1, 0, 0), (-1, 1, 0)), ((0, -1, 1), (-1, 0, 0), (-1, 1, 0)), ((-1, 1, 1), (0, 0, -1), (-1, -1, 0))), 0, 0) : [1, -0.5987369392383787]
((((1, 1, 1), (1, 0, 0), (1, -1, 0)), ((0, 1, -1), (1, 0, 0), (1, -1, 0)), ((1, -1, -1), (0, 0, 1), (1, 1, 0))), 0, 0) : [1, 0.5987369392383787]
((((-1, -1, -1), (-1, 0, 0), (-1, 0, 1)), ((0, -1, 1), (-1, 0, 0), (-1, 1, 0)), ((-1, 1, 1), (0, 0, -1), (-1, -1, 0))), 0, 0) : [1, -0.5688000922764597]
((((1, 1, 1), (1, 0, 0), (1, 0, -1)), ((0, 1, -1), (1, 0, 0), (1, -1, 0)), ((1, -1, -1), (0, 0, 1), (1, 1, 0))), 0, 0) : [1, 0.5688000922764597]
((((-1, -1, -1), (-1, 0, 0), (-1, 0, 1)), ((0, -1, 1), (-1, 0, 0), (-1, 1, 1)), ((-1, 1, 1), (0, 0, -1), (-1, -1, 0))), 0, 0) : [1, -0.5403600876626367]
((((1, 1, 1), (1, 0, 0), (1, 0, -1)), ((0, 1, -1), (1, 0, 0), (1, -1, -1)), ((1, -1, -1), (0, 0, 1), (1, 1, 0))), 0, 0) : [1, 0.5403600876626367]
((((-1, -1, -1), (-1, 0, 0), (-1, 0, 1)), ((0, -1, 1), (-1, 0, 0), (-1, 1, 1)), ((-1, 1, 1), (-1, 0, -1), (0, -1, 0))), 0, 0) : [1, -0.5133420832795048]
((((1, 1, 1), (1, 0, 0), (1, 0, -1)), ((0, 1, -1), (1, 0, 0), (1, -1, -1)), ((1, -1, -1), (1, 0, 1), (0, 1, 0))), 0, 0) : [1, 0.5133420832795048]
((((-1, -1, -1), (-1, 0, 0), (-1, 1, 0)), ((0, -1, 1), (-1, 0, 0), (-1, 1, 1)), ((-1, 1, 1), (-1, 0, -1), (0, -1, 0))), 0, 0) : [1, -0.48767497911552954]
((((1, 1, 1), (1, 0, 0), (1, -1, 0)), ((0, 1, -1), (1, 0, 0), (1, -1, -1)), ((1, -1, -1), (1, 0, 1), (0, 1, 0))), 0, 0) : [1, 0.48767497911552954]
((((-1, -1, -1), (-1, 0, 0), (-1, 1, 0)), ((0, -1, 1), (-1, 0, -1), (-1, 1, 1)), ((-1, 1, 1), (-1, 0, 0), (0, -1, 0))), 0, 0) : [1, -0.46329123015975304]
((((1, 1, 1), (1, 0, 0), (1, -1, 0)), ((0, 1, -1), (1, 0, 1), (1, -1, -1)), ((1, -1, -1), (1, 0, 0), (0, 1, 0))), 0, 0) : [1, 0.46329123015975304]
((((-1, -1, -1), (-1, 0, 0), (-1, 1, 0)), ((0, -1, 1), (-1, 0, -1), (-1, 1, 0)), ((-1, 1, 1), (-1, 0, 0), (0, -1, 1))), 0, 0) : [1, -0.44012666865176536]
((((1, 1, 1), (1, 0, 0), (1, -1, 0)), ((0, 1, -1), (1, 0, 1), (1, -1, 0)), ((1, -1, -1), (1, 0, 0), (0, 1, -1))), 0, 0) : [1, 0.44012666865176536]
((((-1, -1, -1), (-1, 0, 0), (-1, 1, 0)), ((-1, 0, 1), (-1, 0, -1), (-1, 1, 0)), ((-1, 1, 1), (-1, 0, 0), (0, -1, 1))), 0, 0) : [1, -0.4181203352191771]
((((1, 1, 1), (1, 0, 0), (1, -1, 0)), ((1, 0, -1), (1, 0, 1), (1, -1, 0)), ((1, -1, -1), (1, 0, 0), (0, 1, -1))), 0, 0) : [1, 0.4181203352191771]
((((-1, -1, -1), (-1, 0, 0), (-1, 1, 0)), ((-1, 1, 1), (-1, 0, -1), (-1, 1, 0)), ((-1, 0, 1), (-1, 0, 0), (0, -1, 1))), 0, 0) : [1, -0.3972143184582182]
((((1, 1, 1), (1, 0, 0), (1, -1, 0)), ((1, -1, -1), (1, 0, 1), (1, -1, 0)), ((1, 0, -1), (1, 0, 0), (0, 1, -1))), 0, 0) : [1, 0.3972143184582182]
((((-1, -1, -1), (-1, 0, 0), (-1, 1, 0)), ((-1, 1, 1), (-1, 0, -1), (-1, 1, 0)), ((-1, 0, 1), (-1, 0, 0), (1, -1, 1))), 0, 0) : [1, -0.37735360253530725]
((((1, 1, 1), (1, 0, 0), (1, -1, 0)), ((1, -1, -1), (1, 0, 1), (1, -1, 0)), ((1, 0, -1), (1, 0, 0), (-1, 1, -1))), 0, 0) : [1, 0.37735360253530725]
((((-1, -1, -1), (-1, 0, 0), (-1, 1, 0)), ((-1, 1, 1), (-1, 0, -1), (-1, 1, 0)), ((0, -1, 1), (-1, 0, 0), (1, -1, 1))), 0, 0) : [1, -0.3584859224085419]
((((1, 1, 1), (1, 0, 0), (1, -1, 0)), ((1, -1, -1), (1, 0, 1), (1, -1, 0)), ((0, 1, -1), (1, 0, 0), (-1, 1, -1))), 0, 0) : [1, 0.3584859224085419]
((((-1, -1, -1), (-1, 0, 0), (-1, 1, 0)), ((-1, 1, 1), (-1, 0, -1), (-1, 1, 0)), ((0, -1, 1), (-1, 0, 1), (1, -1, 0))), 0, 0) : [1, -0.3405616262881148]
((((1, 1, 1), (1, 0, 0), (1, -1, 0)), ((1, -1, -1), (1, 0, 1), (1, -1, 0)), ((0, 1, -1), (1, 0, -1), (-1, 1, 0))), 0, 0) : [1, 0.3405616262881148]
((((-1, -1, -1), (-1, 0, 0), (-1, 1, 0)), ((-1, 1, 1), (-1, 0, -1), (-1, 1, 0)), ((-1, 0, 1), (-1, 0, 1), (1, -1, 0))), 0, 0) : [1, -0.323533544973709]
((((1, 1, 1), (1, 0, 0), (1, -1, 0)), ((1, -1, -1), (1, 0, 1), (1, -1, 0)), ((1, 0, -1), (1, 0, -1), (-1, 1, 0))), 0, 0) : [1, 0.323533544973709]
((((-1, -1, -1), (-1, 0, 0), (-1, 1, 0)), ((-1, 1, 1), (-1, 0, -1), (-1, 1, 0)), ((-1, 1, 0), (-1, 0, 1), (1, -1, 0))), 0, 0) : [1, -0.3073568677250236]
((((1, 1, 1), (1, 0, 0), (1, -1, 0)), ((1, -1, -1), (1, 0, 1), (1, -1, 0)), ((1, -1, 0), (1, 0, -1), (-1, 1, 0))), 0, 0) : [1, 0.3073568677250236]
((((-1, -1, -1), (-1, 0, 0), (-1, 1, 0)), ((-1, 1, 1), (-1, 0, -1), (-1, 1, 0)), ((-1, 1, 0), (-1, 0, 1), (1, 0, -1))), 0, 0) : [1, -0.2919890243387724]
((((1, 1, 1), (1, 0, 0), (1, -1, 0)), ((1, -1, -1), (1, 0, 1), (1, -1, 0)), ((1, -1, 0), (1, 0, -1), (-1, 0, 1))), 0, 0) : [1, 0.2919890243387724]
((((-1, -1, -1), (-1, 0, 0), (-1, 0, 1)), ((-1, 1, 1), (-1, 0, -1), (-1, 1, 0)), ((-1, 1, 0), (-1, 0, 1), (1, 0, -1))), 0, 0) : [1, -0.27738957312183377]
((((1, 1, 1), (1, 0, 0), (1, 0, -1)), ((1, -1, -1), (1, 0, 1), (1, -1, 0)), ((1, -1, 0), (1, 0, -1), (-1, 0, 1))), 0, 0) : [1, 0.27738957312183377]
((((-1, -1, -1), (-1, 0, 0), (-1, 0, 1)), ((-1, 1, 1), (-1, 0, -1), (-1, 1, 0)), ((-1, 1, 0), (-1, 0, 1), (1, 1, -1))), 0, 0) : [1, -0.26352009446574204]
((((1, 1, 1), (1, 0, 0), (1, 0, -1)), ((1, -1, -1), (1, 0, 1), (1, -1, 0)), ((1, -1, 0), (1, 0, -1), (-1, -1, 1))), 0, 0) : [1, 0.26352009446574204]
((((-1, -1, -1), (-1, 0, 0), (0, -1, 1)), ((-1, 1, 1), (-1, 0, -1), (-1, 1, 0)), ((-1, 1, 0), (-1, 0, 1), (1, 1, -1))), 0, 0) : [1, -0.2503440897424549]
((((1, 1, 1), (1, 0, 0), (0, 1, -1)), ((1, -1, -1), (1, 0, 1), (1, -1, 0)), ((1, -1, 0), (1, 0, -1), (-1, -1, 1))), 0, 0) : [1, 0.2503440897424549]
((((-1, -1, -1), (-1, 0, 0), (0, -1, 1)), ((-1, 1, 0), (-1, 0, -1), (-1, 1, 0)), ((-1, 1, 1), (-1, 0, 1), (1, 1, -1))), 0, 0) : [1, -0.23782688525533216]
((((1, 1, 1), (1, 0, 0), (0, 1, -1)), ((1, -1, 0), (1, 0, 1), (1, -1, 0)), ((1, -1, -1), (1, 0, -1), (-1, -1, 1))), 0, 0) : [1, 0.23782688525533216]
((((-1, -1, -1), (-1, 0, 0), (0, -1, 1)), ((-1, 1, 0), (-1, 0, 0), (-1, 1, -1)), ((-1, 1, 1), (-1, 0, 1), (1, 1, -1))), 0, 0) : [1, -0.22593554099256555]
((((1, 1, 1), (1, 0, 0), (0, 1, -1)), ((1, -1, 0), (1, 0, 0), (1, -1, 1)), ((1, -1, -1), (1, 0, -1), (-1, -1, 1))), 0, 0) : [1, 0.22593554099256555]
((((-1, -1, -1), (-1, 0, 0), (0, -1, 1)), ((-1, 1, 1), (-1, 0, 0), (-1, 1, -1)), ((-1, 1, 0), (-1, 0, 1), (1, 1, -1))), 0, 0) : [1, -0.21463876394293727]
((((1, 1, 1), (1, 0, 0), (0, 1, -1)), ((1, -1, -1), (1, 0, 0), (1, -1, 1)), ((1, -1, 0), (1, 0, -1), (-1, -1, 1))), 0, 0) : [1, 0.21463876394293727]
((((-1, -1, -1), (-1, 0, 0), (1, -1, 1)), ((-1, 1, 1), (-1, 0, 0), (-1, 1, -1)), ((-1, 1, 0), (-1, 0, 1), (1, 1, -1))), 0, 0) : [1, -0.2039068257457904]
((((1, 1, 1), (1, 0, 0), (-1, 1, -1)), ((1, -1, -1), (1, 0, 0), (1, -1, 1)), ((1, -1, 0), (1, 0, -1), (-1, -1, 1))), 0, 0) : [1, 0.2039068257457904]
((((-1, -1, -1), (-1, 0, 0), (1, -1, 1)), ((-1, 1, 1), (-1, 0, 0), (-1, 1, -1)), ((-1, 1, 0), (0, 0, 1), (1, 1, -1))), 0, 1) : [1, -0.19371148445850087]
((((1, 1, 1), (1, 0, 0), (-1, 1, -1)), ((1, -1, -1), (1, 0, 0), (1, -1, 1)), ((1, -1, 0), (0, 0, -1), (-1, -1, 1))), 1, 0) : [1, 0.19371148445850087]
((((-1, -1, -1), (-1, 0, 0), (1, -1, 1)), ((-1, 0, 1), (-1, 0, 0), (-1, 1, -1)), ((-1, 1, 0), (0, 0, 1), (1, 1, -1))), 1, 1) : [1, -0.18402591023557582]
((((1, 1, 1), (1, 0, 0), (-1, 1, -1)), ((1, 0, -1), (1, 0, 0), (1, -1, 1)), ((1, -1, 0), (0, 0, -1), (-1, -1, 1))), 1, 1) : [1, 0.18402591023557582]
((((-1, -1, -1), (0, 0, 0), (1, -1, 1)), ((-1, 0, 1), (-1, 0, 0), (-1, 1, -1)), ((-1, 1, 0), (0, 0, 1), (1, 1, -1))), 1, 2) : [1, -0.174824614723797]
((((1, 1, 1), (0, 0, 0), (-1, 1, -1)), ((1, 0, -1), (1, 0, 0), (1, -1, 1)), ((1, -1, 0), (0, 0, -1), (-1, -1, 1))), 2, 1) : [1, 0.174824614723797]
((((-1, -1, -1), (0, 0, 0), (1, -1, 1)), ((-1, 0, 1), (-1, 0, 0), (-1, 1, -1)), ((-1, 0, 0), (0, 0, 1), (1, 1, -1))), 2, 2) : [1, -0.16608338398760716]
((((1, 1, 1), (0, 0, 0), (-1, 1, -1)), ((1, 0, -1), (1, 0, 0), (1, -1, 1)), ((1, 0, 0), (0, 0, -1), (-1, -1, 1))), 2, 2) : [1, 0.16608338398760716]
((((-1, -1, -1), (0, 0, 0), (1, -1, 1)), ((-1, 0, 1), (-1, 0, 0), (-1, 1, -1)), ((-1, 0, 0), (0, 0, 1), (1, 1, 0))), 2, 3) : [1, -0.1577792147882268]
((((1, 1, 1), (0, 0, 0), (-1, 1, -1)), ((1, 0, -1), (1, 0, 0), (1, -1, 1)), ((1, 0, 0), (0, 0, -1), (-1, -1, 0))), 3, 2) : [1, 0.1577792147882268]
((((-1, -1, -1), (0, 0, 0), (1, -1, 1)), ((-1, 0, 1), (-1, 0, 0), (-1, 1, -1)), ((-1, 0, 0), (0, 0, 1), (0, 1, 0))), 3, 3) : [1, -0.14989025404881545]
((((1, 1, 1), (0, 0, 0), (-1, 1, -1)), ((1, 0, -1), (1, 0, 0), (1, -1, 1)), ((1, 0, 0), (0, 0, -1), (0, -1, 0))), 3, 3) : [1, 0.14989025404881545]
((((-1, -1, -1), (0, 0, 0), (1, -1, 1)), ((-1, 0, 1), (-1, 0, 0), (-1, 1, -1)), ((-1, 0, 0), (0, 0, 1), (1, 1, 0))), 3, 3) : [1, -0.14239574134637467]
((((1, 1, 1), (0, 0, 0), (-1, 1, -1)), ((1, 0, -1), (1, 0, 0), (1, -1, 1)), ((1, 0, 0), (0, 0, -1), (-1, -1, 0))), 3, 3) : [1, 0.14239574134637467]
((((-1, -1, -1), (0, 0, 0), (1, -1, 1)), ((-1, 0, 1), (-1, 0, 0), (-1, 1, -1)), ((0, 0, 0), (0, 0, 1), (1, 1, 0))), 3, 4) : [1, -0.13527595427905592]
((((1, 1, 1), (0, 0, 0), (-1, 1, -1)), ((1, 0, -1), (1, 0, 0), (1, -1, 1)), ((0, 0, 0), (0, 0, -1), (-1, -1, 0))), 4, 3) : [1, 0.13527595427905592]
((((-1, -1, -1), (0, 0, 0), (1, -1, 1)), ((-1, 0, 1), (-1, 0, 0), (-1, 1, -1)), ((0, 0, 0), (0, 0, 1), (0, 1, 0))), 4, 4) : [1, -0.12851215656510312]
((((1, 1, 1), (0, 0, 0), (-1, 1, -1)), ((1, 0, -1), (1, 0, 0), (1, -1, 1)), ((0, 0, 0), (0, 0, -1), (0, -1, 0))), 4, 4) : [1, 0.12851215656510312]
((((-1, -1, -1), (0, 0, 1), (1, -1, 1)), ((-1, 0, 1), (-1, 0, 0), (-1, 1, -1)), ((0, 0, 0), (0, 0, 1), (0, 1, 0))), 4, 4) : [1, -0.12208654873684796]
((((1, 1, 1), (0, 0, -1), (-1, 1, -1)), ((1, 0, -1), (1, 0, 0), (1, -1, 1)), ((0, 0, 0), (0, 0, -1), (0, -1, 0))), 4, 4) : [1, 0.12208654873684796]
((((-1, -1, -1), (0, 0, 1), (1, -1, 1)), ((-1, 0, 1), (0, 0, 0), (-1, 1, -1)), ((0, 0, 0), (0, 0, 1), (0, 1, 0))), 4, 5) : [1, -0.11598222130000556]
((((1, 1, 1), (0, 0, -1), (-1, 1, -1)), ((1, 0, -1), (0, 0, 0), (1, -1, 1)), ((0, 0, 0), (0, 0, -1), (0, -1, 0))), 5, 4) : [1, 0.11598222130000556]
((((-1, -1, -1), (0, 0, 1), (1, -1, 1)), ((-1, 0, 1), (0, 0, 0), (-1, 1, -1)), ((0, 0, 0), (0, 0, 0), (0, 1, 0))), 5, 5) : [1, -0.11018311023500528]
((((1, 1, 1), (0, 0, -1), (-1, 1, -1)), ((1, 0, -1), (0, 0, 0), (1, -1, 1)), ((0, 0, 0), (0, 0, 0), (0, -1, 0))), 5, 5) : [1, 0.11018311023500528]
((((-1, -1, -1), (0, 0, 1), (1, -1, 1)), ((0, 0, 1), (0, 0, 0), (-1, 1, -1)), ((0, 0, 0), (0, 0, 0), (0, 1, 0))), 5, 6) : [1, -0.10467395472325501]
((((1, 1, 1), (0, 0, -1), (-1, 1, -1)), ((0, 0, -1), (0, 0, 0), (1, -1, 1)), ((0, 0, 0), (0, 0, 0), (0, -1, 0))), 6, 5) : [1, 0.10467395472325501]
((((-1, -1, -1), (0, 0, 0), (1, -1, 1)), ((0, 0, 1), (0, 0, 0), (-1, 1, -1)), ((0, 0, 0), (0, 0, 0), (0, 1, 0))), 6, 6) : [1, -0.09944025698709225]
((((1, 1, 1), (0, 0, 0), (-1, 1, -1)), ((0, 0, -1), (0, 0, 0), (1, -1, 1)), ((0, 0, 0), (0, 0, 0), (0, -1, 0))), 6, 6) : [1, 0.09944025698709225]
((((-1, -1, -1), (0, 0, 0), (1, -1, 1)), ((0, 0, 1), (0, 0, 0), (0, 1, -1)), ((0, 0, 0), (0, 0, 0), (0, 1, 0))), 6, 7) : [1, -0.09446824413773763]
((((1, 1, 1), (0, 0, 0), (-1, 1, -1)), ((0, 0, -1), (0, 0, 0), (0, -1, 1)), ((0, 0, 0), (0, 0, 0), (0, -1, 0))), 7, 6) : [1, 0.09446824413773763]
((((-1, -1, -1), (0, 0, 0), (1, -1, 1)), ((0, 0, 1), (0, 0, 0), (0, 1, -1)), ((0, 0, 0), (0, 0, 0), (0, 0, 0))), 7, 7) : [1, -0.08974483193085075]
((((1, 1, 1), (0, 0, 0), (-1, 1, -1)), ((0, 0, -1), (0, 0, 0), (0, -1, 1)), ((0, 0, 0), (0, 0, 0), (0, 0, 0))), 7, 7) : [1, 0.08974483193085075]
((((-1, -1, -1), (0, 0, 0), (1, -1, 1)), ((0, 0, 1), (0, 0, 0), (0, 1, 0)), ((0, 0, 0), (0, 0, 0), (0, 0, 0))), 7, 8) : [1, -0.0852575903343082]
((((1, 1, 1), (0, 0, 0), (-1, 1, -1)), ((0, 0, -1), (0, 0, 0), (0, -1, 0)), ((0, 0, 0), (0, 0, 0), (0, 0, 0))), 8, 7) : [1, 0.0852575903343082]
((((-1, -1, -1), (0, 0, 0), (1, -1, 1)), ((0, 0, 1), (0, 0, 0), (0, 0, 0)), ((0, 0, 0), (0, 0, 0), (0, 0, 0))), 8, 8) : [1, -0.0809947108175928]
((((1, 1, 1), (0, 0, 0), (-1, 1, -1)), ((0, 0, -1), (0, 0, 0), (0, 0, 0)), ((0, 0, 0), (0, 0, 0), (0, 0, 0))), 8, 8) : [1, 0.0809947108175928]
((((-1, -1, -1), (0, 0, 0), (1, 0, 1)), ((0, 0, 1), (0, 0, 0), (0, 0, 0)), ((0, 0, 0), (0, 0, 0), (0, 0, 0))), 8, 9) : [1, -0.07694497527671315]
((((1, 1, 1), (0, 0, 0), (-1, 0, -1)), ((0, 0, -1), (0, 0, 0), (0, 0, 0)), ((0, 0, 0), (0, 0, 0), (0, 0, 0))), 9, 8) : [1, 0.07694497527671315]
((((-1, -1, -1), (0, 0, 0), (1, 0, 0)), ((0, 0, 1), (0, 0, 0), (0, 0, 0)), ((0, 0, 0), (0, 0, 0), (0, 0, 0))), 9, 9) : [1, -0.07309772651287749]
((((1, 1, 1), (0, 0, 0), (-1, 0, 0)), ((0, 0, -1), (0, 0, 0), (0, 0, 0)), ((0, 0, 0), (0, 0, 0), (0, 0, 0))), 9, 9) : [1, 0.07309772651287749]
((((-1, -1, -1), (0, 0, 0), (1, 0, 0)), ((0, 0, 1), (0, 0, 0), (1, 0, 0)), ((0, 0, 0), (0, 0, 0), (0, 0, 0))), 9, 9) : [1, -0.06944284018723361]
((((1, 1, 1), (0, 0, 0), (-1, 0, 0)), ((0, 0, -1), (0, 0, 0), (-1, 0, 0)), ((0, 0, 0), (0, 0, 0), (0, 0, 0))), 9, 9) : [1, 0.06944284018723361]
((((-1, -1, 0), (0, 0, 0), (1, 0, 0)), ((0, 0, 1), (0, 0, 0), (1, 0, 0)), ((0, 0, 0), (0, 0, 0), (0, 0, 0))), 9, 10) : [1, -0.06597069817787193]
((((1, 1, 0), (0, 0, 0), (-1, 0, 0)), ((0, 0, -1), (0, 0, 0), (-1, 0, 0)), ((0, 0, 0), (0, 0, 0), (0, 0, 0))), 10, 9) : [1, 0.06597069817787193]
((((-1, -1, 0), (0, 0, 0), (0, 0, 0)), ((0, 0, 1), (0, 0, 0), (1, 0, 0)), ((0, 0, 0), (0, 0, 0), (0, 0, 0))), 10, 10) : [1, -0.06267216326897833]
((((1, 1, 0), (0, 0, 0), (0, 0, 0)), ((0, 0, -1), (0, 0, 0), (-1, 0, 0)), ((0, 0, 0), (0, 0, 0), (0, 0, 0))), 10, 10) : [1, 0.06267216326897833]
((((-1, 0, 0), (0, 0, 0), (0, 0, 0)), ((0, 0, 1), (0, 0, 0), (1, 0, 0)), ((0, 0, 0), (0, 0, 0), (0, 0, 0))), 10, 11) : [1, -0.05953855510552941]
((((1, 0, 0), (0, 0, 0), (0, 0, 0)), ((0, 0, -1), (0, 0, 0), (-1, 0, 0)), ((0, 0, 0), (0, 0, 0), (0, 0, 0))), 11, 10) : [1, 0.05953855510552941]
((((-1, 0, 0), (0, 0, 0), (0, 0, 0)), ((0, 0, 0), (0, 0, 0), (1, 0, 0)), ((0, 0, 0), (0, 0, 0), (0, 0, 0))), 11, 11) : [1, -0.056561627350252934]
((((1, 0, 0), (0, 0, 0), (0, 0, 0)), ((0, 0, 0), (0, 0, 0), (-1, 0, 0)), ((0, 0, 0), (0, 0, 0), (0, 0, 0))), 11, 11) : [1, 0.056561627350252934]
((((0, 0, 0), (0, 0, 0), (0, 0, 0)), ((0, 0, 0), (0, 0, 0), (1, 0, 0)), ((0, 0, 0), (0, 0, 0), (0, 0, 0))), 11, 12) : [1, -0.053733545982740286]
((((0, 0, 0), (0, 0, 0), (0, 0, 0)), ((0, 0, 0), (0, 0, 0), (-1, 0, 0)), ((0, 0, 0), (0, 0, 0), (0, 0, 0))), 12, 11) : [1, 0.053733545982740286]
((((1, 0, 1), (0, 0, 1), (1, 1, 1)), ((1, 1, 0), (1, 0, 0), (1, 0, 0)), ((1, 0, -1), (0, 0, 0), (0, 1, -1))), 0, 0) : [1, 1.0]
((((-1, 0, -1), (0, 0, -1), (-1, -1, -1)), ((-1, -1, 0), (-1, 0, 0), (-1, 0, 0)), ((-1, 0, 1), (0, 0, 0), (0, -1, 1))), 0, 0) : [1, -1.0]
((((1, 0, 1), (0, 0, 1), (1, 1, 1)), ((1, 1, 0), (1, 0, 0), (1, -1, 0)), ((1, 0, -1), (0, 0, 0), (0, 1, -1))), 0, 0) : [1, 0.95]
((((-1, 0, -1), (0, 0, -1), (-1, -1, -1)), ((-1, -1, 0), (-1, 0, 0), (-1, 1, 0)), ((-1, 0, 1), (0, 0, 0), (0, -1, 1))), 0, 0) : [1, -0.95]
((((1, 0, 1), (1, 0, 1), (1, 1, 1)), ((1, 1, 0), (0, 0, 0), (1, -1, 0)), ((1, 0, -1), (0, 0, 0), (0, 1, -1))), 0, 0) : [1, 0.9025]
((((-1, 0, -1), (-1, 0, -1), (-1, -1, -1)), ((-1, -1, 0), (0, 0, 0), (-1, 1, 0)), ((-1, 0, 1), (0, 0, 0), (0, -1, 1))), 0, 0) : [1, -0.9025]
((((1, 0, 1), (1, 0, 1), (1, 1, 1)), ((1, 1, 0), (0, 0, 0), (1, -1, -1)), ((1, 0, -1), (0, 0, 0), (0, 1, 0))), 0, 0) : [1, 0.8573749999999999]
((((-1, 0, -1), (-1, 0, -1), (-1, -1, -1)), ((-1, -1, 0), (0, 0, 0), (-1, 1, 1)), ((-1, 0, 1), (0, 0, 0), (0, -1, 0))), 0, 0) : [1, -0.8573749999999999]
((((1, 0, 1), (1, 0, 1), (1, 1, 1)), ((1, 1, 0), (0, 0, -1), (1, -1, -1)), ((1, 0, -1), (0, 0, 0), (0, 1, 0))), 0, 0) : [1, 0.8145062499999999]
((((-1, 0, -1), (-1, 0, -1), (-1, -1, -1)), ((-1, -1, 0), (0, 0, 1), (-1, 1, 1)), ((-1, 0, 1), (0, 0, 0), (0, -1, 0))), 0, 0) : [1, -0.8145062499999999]
((((1, 0, 1), (0, 0, 1), (1, 1, 1)), ((1, 1, 0), (1, 0, -1), (1, -1, -1)), ((1, 0, -1), (0, 0, 0), (0, 1, 0))), 0, 0) : [1, 0.7737809374999998]
((((-1, 0, -1), (0, 0, -1), (-1, -1, -1)), ((-1, -1, 0), (-1, 0, 1), (-1, 1, 1)), ((-1, 0, 1), (0, 0, 0), (0, -1, 0))), 0, 0) : [1, -0.7737809374999998]
((((1, 0, 1), (0, 0, 1), (1, 1, 1)), ((1, 1, 0), (1, 0, -1), (1, -1, -1)), ((1, -1, 0), (0, 0, 0), (0, 1, 0))), 0, 0) : [1, 0.7350918906249998]
((((-1, 0, -1), (0, 0, -1), (-1, -1, -1)), ((-1, -1, 0), (-1, 0, 1), (-1, 1, 1)), ((-1, 1, 0), (0, 0, 0), (0, -1, 0))), 0, 0) : [1, -0.7350918906249998]
((((1, 0, 1), (0, 0, 1), (1, 1, 1)), ((1, 1, 0), (1, 0, -1), (1, -1, -1)), ((1, -1, 0), (0, 0, 0), (-1, 1, 0))), 0, 0) : [1, 0.6983372960937497]
((((-1, 0, -1), (0, 0, -1), (-1, -1, -1)), ((-1, -1, 0), (-1, 0, 1), (-1, 1, 1)), ((-1, 1, 0), (0, 0, 0), (1, -1, 0))), 0, 0) : [1, -0.6983372960937497]
((((1, 0, 1), (1, 0, 1), (1, 1, 1)), ((1, 1, 0), (0, 0, -1), (1, -1, -1)), ((1, -1, 0), (0, 0, 0), (-1, 1, 0))), 0, 0) : [1, 0.6634204312890623]
((((-1, 0, -1), (-1, 0, -1), (-1, -1, -1)), ((-1, -1, 0), (0, 0, 1), (-1, 1, 1)), ((-1, 1, 0), (0, 0, 0), (1, -1, 0))), 0, 0) : [1, -0.6634204312890623]
((((1, 0, 1), (1, 0, 1), (1, 1, 1)), ((1, 1, 0), (0, 0, 0), (1, -1, -1)), ((1, -1, 0), (0, 0, -1), (-1, 1, 0))), 0, 0) : [1, 0.6302494097246091]
((((-1, 0, -1), (-1, 0, -1), (-1, -1, -1)), ((-1, -1, 0), (0, 0, 0), (-1, 1, 1)), ((-1, 1, 0), (0, 0, 1), (1, -1, 0))), 0, 0) : [1, -0.6302494097246091]
((((1, 0, 1), (1, 0, 1), (1, 1, 1)), ((1, 1, 0), (0, 0, 0), (1, -1, -1)), ((1, -1, 0), (-1, 0, -1), (-1, 1, 0))), 0, 0) : [1, 0.5987369392383787]
((((-1, 0, -1), (-1, 0, -1), (-1, -1, -1)), ((-1, -1, 0), (0, 0, 0), (-1, 1, 1)), ((-1, 1, 0), (1, 0, 1), (1, -1, 0))), 0, 0) : [1, -0.5987369392383787]
((((1, 0, 1), (0, 0, 1), (1, 1, 1)), ((1, 1, 0), (1, 0, 0), (1, -1, -1)), ((1, -1, 0), (-1, 0, -1), (-1, 1, 0))), 0, 0) : [1, 0.5688000922764597]
((((-1, 0, -1), (0, 0, -1), (-1, -1, -1)), ((-1, -1, 0), (-1, 0, 0), (-1, 1, 1)), ((-1, 1, 0), (1, 0, 1), (1, -1, 0))), 0, 0) : [1, -0.5688000922764597]
((((1, 0, 1), (0, 0, 1), (1, 1, 1)), ((1, 1, 0), (1, 0, 0), (1, -1, -1)), ((1, -1, 0), (-1, 0, 0), (-1, 1, -1))), 0, 0) : [1, 0.5403600876626367]
((((-1, 0, -1), (0, 0, -1), (-1, -1, -1)), ((-1, -1, 0), (-1, 0, 0), (-1, 1, 1)), ((-1, 1, 0), (1, 0, 0), (1, -1, 1))), 0, 0) : [1, -0.5403600876626367]
((((1, 0, 1), (0, 0, 1), (1, 1, 1)), ((1, 1, -1), (1, 0, 0), (1, -1, -1)), ((1, -1, 0), (-1, 0, 0), (-1, 1, -1))), 0, 0) : [1, 0.5133420832795048]
((((-1, 0, -1), (0, 0, -1), (-1, -1, -1)), ((-1, -1, 1), (-1, 0, 0), (-1, 1, 1)), ((-1, 1, 0), (1, 0, 0), (1, -1, 1))), 0, 0) : [1, -0.5133420832795048]
((((1, 0, 1), (1, 0, 1), (1, 1, 1)), ((1, 1, -1), (0, 0, 0), (1, -1, -1)), ((1, -1, 0), (-1, 0, 0), (-1, 1, -1))), 0, 0) : [1, 0.48767497911552954]
((((-1, 0, -1), (-1, 0, -1), (-1, -1, -1)), ((-1, -1, 1), (0, 0, 0), (-1, 1, 1)), ((-1, 1, 0), (1, 0, 0), (1, -1, 1))), 0, 0) : [1, -0.48767497911552954]
((((1, 0, 1), (1, 0, 1), (1, 1, 1)), ((1, 1, -1), (-1, 0, 0), (1, -1, -1)), ((1, -1, 0), (0, 0, 0), (-1, 1, -1))), 0, 0) : [1, 0.46329123015975304]
((((-1, 0, -1), (-1, 0, -1), (-1, -1, -1)), ((-1, -1, 1), (1, 0, 0), (-1, 1, 1)), ((-1, 1, 0), (0, 0, 0), (1, -1, 1))), 0, 0) : [1, -0.46329123015975304]
((((1, 1, 1), (1, 0, 1), (1, 1, 1)), ((1, 0, -1), (-1, 0, 0), (1, -1, -1)), ((1, -1, 0), (0, 0, 0), (-1, 1, -1))), 0, 0) : [1, 0.44012666865176536]
((((-1, -1, -1), (-1, 0, -1), (-1, -1, -1)), ((-1, 0, 1), (1, 0, 0), (-1, 1, 1)), ((-1, 1, 0), (0, 0, 0), (1, -1, 1))), 0, 0) : [1, -0.44012666865176536]
((((1, 1, 1), (1, 0, 1), (1, 1, 1)), ((1, 0, 0), (-1, 0, 0), (1, -1, -1)), ((1, -1, 0), (0, 0, 0), (-1, 1, -1))), 0, 1) : [1, 0.4181203352191771]
((((-1, -1, -1), (-1, 0, -1), (-1, -1, -1)), ((-1, 0, 0), (1, 0, 0), (-1, 1, 1)), ((-1, 1, 0), (0, 0, 0), (1, -1, 1))), 1, 0) : [1, -0.4181203352191771]
((((1, 1, 1), (1, 0, 1), (1, 1, 1)), ((1, 0, 0), (-1, 0, 0), (0, -1, -1)), ((1, -1, 0), (0, 0, 0), (-1, 1, -1))), 1, 1) : [1, 0.3972143184582182]
((((-1, -1, -1), (-1, 0, -1), (-1, -1, -1)), ((-1, 0, 0), (1, 0, 0), (0, 1, 1)), ((-1, 1, 0), (0, 0, 0), (1, -1, 1))), 1, 1) : [1, -0.3972143184582182]
((((1, 1, 1), (1, 0, 1), (1, 1, 1)), ((1, 0, 0), (-1, 0, 0), (0, 0, -1)), ((1, -1, 0), (0, 0, 0), (-1, 1, -1))), 1, 2) : [1, 0.37735360253530725]
((((-1, -1, -1), (-1, 0, -1), (-1, -1, -1)), ((-1, 0, 0), (1, 0, 0), (0, 0, 1)), ((-1, 1, 0), (0, 0, 0), (1, -1, 1))), 2, 1) : [1, -0.37735360253530725]
((((1, 1, 1), (1, 0, 1), (1, 1, 1)), ((1, 0, 0), (-1, 0, 0), (0, 0, -1)), ((1, -1, 0), (0, 0, 0), (-1, 0, -1))), 2, 2) : [1, 0.3584859224085419]
((((-1, -1, -1), (-1, 0, -1), (-1, -1, -1)), ((-1, 0, 0), (1, 0, 0), (0, 0, 1)), ((-1, 1, 0), (0, 0, 0), (1, 0, 1))), 2, 2) : [1, -0.3584859224085419]
((((1, 1, 1), (1, 0, 1), (1, 1, 1)), ((1, 0, 0), (-1, 0, 0), (0, 0, -1)), ((1, -1, 0), (0, 0, 0), (0, 0, -1))), 2, 3) : [1, 0.3405616262881148]
((((-1, -1, -1), (-1, 0, -1), (-1, -1, -1)), ((-1, 0, 0), (1, 0, 0), (0, 0, 1)), ((-1, 1, 0), (0, 0, 0), (0, 0, 1))), 3, 2) : [1, -0.3405616262881148]
((((1, 1, 1), (1, 0, 1), (1, 1, 1)), ((1, 0, 0), (-1, 0, 0), (-1, 0, -1)), ((1, -1, 0), (0, 0, 0), (0, 0, -1))), 2, 3) : [1, 0.323533544973709]
((((-1, -1, -1), (-1, 0, -1), (-1, -1, -1)), ((-1, 0, 0), (1, 0, 0), (1, 0, 1)), ((-1, 1, 0), (0, 0, 0), (0, 0, 1))), 3, 2) : [1, -0.323533544973709]
((((1, 1, 1), (1, 0, 1), (1, 1, 1)), ((1, 0, 0), (-1, 0, 0), (-1, 0, -1)), ((0, -1, 0), (0, 0, 0), (0, 0, -1))), 3, 3) : [1, 0.3073568677250236]
((((-1, -1, -1), (-1, 0, -1), (-1, -1, -1)), ((-1, 0, 0), (1, 0, 0), (1, 0, 1)), ((0, 1, 0), (0, 0, 0), (0, 0, 1))), 3, 3) : [1, -0.3073568677250236]
((((1, 1, 1), (1, 0, 1), (1, 1, 1)), ((1, 0, 0), (-1, 0, 0), (-1, 0, 0)), ((0, -1, 0), (0, 0, 0), (0, 0, -1))), 3, 4) : [1, 0.2919890243387724]
((((-1, -1, -1), (-1, 0, -1), (-1, -1, -1)), ((-1, 0, 0), (1, 0, 0), (1, 0, 0)), ((0, 1, 0), (0, 0, 0), (0, 0, 1))), 4, 3) : [1, -0.2919890243387724]
((((1, 1, 1), (1, 0, 1), (1, 1, 1)), ((0, 0, 0), (-1, 0, 0), (-1, 0, 0)), ((0, -1, 0), (0, 0, 0), (0, 0, -1))), 4, 4) : [1, 0.27738957312183377]
((((-1, -1, -1), (-1, 0, -1), (-1, -1, -1)), ((0, 0, 0), (1, 0, 0), (1, 0, 0)), ((0, 1, 0), (0, 0, 0), (0, 0, 1))), 4, 4) : [1, -0.27738957312183377]
((((1, 1, 1), (1, 0, 1), (1, 1, 1)), ((0, 0, 0), (0, 0, 0), (-1, 0, 0)), ((0, -1, 0), (0, 0, 0), (0, 0, -1))), 4, 5) : [1, 0.26352009446574204]
((((-1, -1, -1), (-1, 0, -1), (-1, -1, -1)), ((0, 0, 0), (0, 0, 0), (1, 0, 0)), ((0, 1, 0), (0, 0, 0), (0, 0, 1))), 5, 4) : [1, -0.26352009446574204]
((((1, 1, 1), (1, 0, 1), (1, 1, 1)), ((0, 0, 0), (0, 0, -1), (-1, 0, 0)), ((0, -1, 0), (0, 0, 0), (0, 0, -1))), 4, 5) : [1, 0.2503440897424549]
((((-1, -1, -1), (-1, 0, -1), (-1, -1, -1)), ((0, 0, 0), (0, 0, 1), (1, 0, 0)), ((0, 1, 0), (0, 0, 0), (0, 0, 1))), 5, 4) : [1, -0.2503440897424549]
((((1, 1, 1), (1, 0, 1), (1, 0, 1)), ((0, 0, 0), (0, 0, -1), (-1, 0, 0)), ((0, -1, 0), (0, 0, 0), (0, 0, -1))), 5, 5) : [1, 0.23782688525533216]
((((-1, -1, -1), (-1, 0, -1), (-1, 0, -1)), ((0, 0, 0), (0, 0, 1), (1, 0, 0)), ((0, 1, 0), (0, 0, 0), (0, 0, 1))), 5, 5) : [1, -0.23782688525533216]
((((1, 1, 1), (1, 0, 1), (1, 0, 1)), ((0, 0, 0), (0, 0, -1), (-1, 0, 0)), ((0, 0, 0), (0, 0, 0), (0, 0, -1))), 5, 6) : [1, 0.22593554099256555]
((((-1, -1, -1), (-1, 0, -1), (-1, 0, -1)), ((0, 0, 0), (0, 0, 1), (1, 0, 0)), ((0, 0, 0), (0, 0, 0), (0, 0, 1))), 6, 5) : [1, -0.22593554099256555]
((((1, 1, 1), (1, 0, 1), (1, -1, 1)), ((0, 0, 0), (0, 0, -1), (-1, 0, 0)), ((0, 0, 0), (0, 0, 0), (0, 0, -1))), 5, 6) : [1, 0.21463876394293727]
((((-1, -1, -1), (-1, 0, -1), (-1, 1, -1)), ((0, 0, 0), (0, 0, 1), (1, 0, 0)), ((0, 0, 0), (0, 0, 0), (0, 0, 1))), 6, 5) : [1, -0.21463876394293727]
((((1, 1, 1), (1, 0, 0), (1, -1, 1)), ((0, 0, 0), (0, 0, -1), (-1, 0, 0)), ((0, 0, 0), (0, 0, 0), (0, 0, -1))), 6, 6) : [1, 0.2039068257457904]
((((-1, -1, -1), (-1, 0, 0), (-1, 1, -1)), ((0, 0, 0), (0, 0, 1), (1, 0, 0)), ((0, 0, 0), (0, 0, 0), (0, 0, 1))), 6, 6) : [1, -0.2039068257457904]
((((1, 1, 1), (1, 0, 0), (1, 0, 1)), ((0, 0, 0), (0, 0, -1), (-1, 0, 0)), ((0, 0, 0), (0, 0, 0), (0, 0, -1))), 6, 7) : [1, 0.19371148445850087]
((((-1, -1, -1), (-1, 0, 0), (-1, 0, -1)), ((0, 0, 0), (0, 0, 1), (1, 0, 0)), ((0, 0, 0), (0, 0, 0), (0, 0, 1))), 7, 6) : [1, -0.19371148445850087]
((((1, 1, 1), (1, 0, 0), (1, 0, 0)), ((0, 0, 0), (0, 0, -1), (-1, 0, 0)), ((0, 0, 0), (0, 0, 0), (0, 0, -1))), 7, 7) : [1, 0.18402591023557582]
((((-1, -1, -1), (-1, 0, 0), (-1, 0, 0)), ((0, 0, 0), (0, 0, 1), (1, 0, 0)), ((0, 0, 0), (0, 0, 0), (0, 0, 1))), 7, 7) : [1, -0.18402591023557582]
((((1, 1, 1), (1, 0, 0), (1, 0, 0)), ((0, 0, 0), (0, 0, -1), (-1, 0, 0)), ((0, 0, 0), (0, 0, 0), (0, 0, 0))), 7, 8) : [1, 0.174824614723797]
((((-1, -1, -1), (-1, 0, 0), (-1, 0, 0)), ((0, 0, 0), (0, 0, 1), (1, 0, 0)), ((0, 0, 0), (0, 0, 0), (0, 0, 0))), 8, 7) : [1, -0.174824614723797]
((((1, 1, 1), (1, 0, 0), (1, 0, 0)), ((0, 0, -1), (0, 0, -1), (-1, 0, 0)), ((0, 0, 0), (0, 0, 0), (0, 0, 0))), 7, 8) : [1, 0.16608338398760716]
((((-1, -1, -1), (-1, 0, 0), (-1, 0, 0)), ((0, 0, 1), (0, 0, 1), (1, 0, 0)), ((0, 0, 0), (0, 0, 0), (0, 0, 0))), 8, 7) : [1, -0.16608338398760716]
((((1, 1, 1), (0, 0, 0), (1, 0, 0)), ((0, 0, -1), (0, 0, -1), (-1, 0, 0)), ((0, 0, 0), (0, 0, 0), (0, 0, 0))), 8, 8) : [1, 0.1577792147882268]
((((-1, -1, -1), (0, 0, 0), (-1, 0, 0)), ((0, 0, 1), (0, 0, 1), (1, 0, 0)), ((0, 0, 0), (0, 0, 0), (0, 0, 0))), 8, 8) : [1, -0.1577792147882268]
((((1, 1, 1), (0, 0, 0), (1, 0, 0)), ((0, 0, -1), (0, 0, 0), (-1, 0, 0)), ((0, 0, 0), (0, 0, 0), (0, 0, 0))), 8, 9) : [1, 0.14989025404881545]
((((-1, -1, -1), (0, 0, 0), (-1, 0, 0)), ((0, 0, 1), (0, 0, 0), (1, 0, 0)), ((0, 0, 0), (0, 0, 0), (0, 0, 0))), 9, 8) : [1, -0.14989025404881545]
((((1, 1, 1), (0, 0, 0), (0, 0, 0)), ((0, 0, -1), (0, 0, 0), (-1, 0, 0)), ((0, 0, 0), (0, 0, 0), (0, 0, 0))), 9, 9) : [1, 0.14239574134637467]
((((-1, -1, -1), (0, 0, 0), (0, 0, 0)), ((0, 0, 1), (0, 0, 0), (1, 0, 0)), ((0, 0, 0), (0, 0, 0), (0, 0, 0))), 9, 9) : [1, -0.14239574134637467]
((((1, 1, 1), (0, 0, 0), (0, 0, 0)), ((0, 0, 0), (0, 0, 0), (-1, 0, 0)), ((0, 0, 0), (0, 0, 0), (0, 0, 0))), 9, 10) : [1, 0.13527595427905592]
((((-1, -1, -1), (0, 0, 0), (0, 0, 0)), ((0, 0, 0), (0, 0, 0), (1, 0, 0)), ((0, 0, 0), (0, 0, 0), (0, 0, 0))), 10, 9) : [1, -0.13527595427905592]
((((1, 1, 1), (0, 0, 0), (0, -1, 0)), ((0, 0, 0), (0, 0, 0), (-1, 0, 0)), ((0, 0, 0), (0, 0, 0), (0, 0, 0))), 9, 10) : [1, 0.12851215656510312]
((((-1, -1, -1), (0, 0, 0), (0, 1, 0)), ((0, 0, 0), (0, 0, 0), (1, 0, 0)), ((0, 0, 0), (0, 0, 0), (0, 0, 0))), 10, 9) : [1, -0.12851215656510312]
((((1, 1, 0), (0, 0, 0), (0, -1, 0)), ((0, 0, 0), (0, 0, 0), (-1, 0, 0)), ((0, 0, 0), (0, 0, 0), (0, 0, 0))), 10, 10) : [1, 0.12208654873684796]
((((-1, -1, 0), (0, 0, 0), (0, 1, 0)), ((0, 0, 0), (0, 0, 0), (1, 0, 0)), ((0, 0, 0), (0, 0, 0), (0, 0, 0))), 10, 10) : [1, -0.12208654873684796]
((((1, 1, 0), (0, 0, 0), (0, -1, 0)), ((0, 0, 0), (0, 0, 0), (0, 0, 0)), ((0, 0, 0), (0, 0, 0), (0, 0, 0))), 10, 11) : [1, 0.11598222130000556]
((((-1, -1, 0), (0, 0, 0), (0, 1, 0)), ((0, 0, 0), (0, 0, 0), (0, 0, 0)), ((0, 0, 0), (0, 0, 0), (0, 0, 0))), 11, 10) : [1, -0.11598222130000556]
((((1, 0, 0), (0, 0, 0), (0, -1, 0)), ((0, 0, 0), (0, 0, 0), (0, 0, 0)), ((0, 0, 0), (0, 0, 0), (0, 0, 0))), 11, 11) : [1, 0.11018311023500528]
((((-1, 0, 0), (0, 0, 0), (0, 1, 0)), ((0, 0, 0), (0, 0, 0), (0, 0, 0)), ((0, 0, 0), (0, 0, 0), (0, 0, 0))), 11, 11) : [1, -0.11018311023500528]
((((1, 0, 1), (1, 0, 0), (0, 1, 1)), ((-1, 1, 0), (1, 0, 1), (0, 1, -1)), ((-1, -1, 1), (1, 0, -1), (0, 0, 1))), 0, 0) : [1, 1.0]
((((-1, 0, -1), (-1, 0, 0), (0, -1, -1)), ((1, -1, 0), (-1, 0, -1), (0, -1, 1)), ((1, 1, -1), (-1, 0, 1), (0, 0, -1))), 0, 0) : [1, -1.0]
((((1, 0, 1), (1, 0, 0), (0, 1, 1)), ((-1, 1, 0), (1, 0, 1), (0, 1, -1)), ((-1, -1, 1), (1, 0, -1), (0, 1, 0))), 0, 0) : [1, 0.95]
((((-1, 0, -1), (-1, 0, 0), (0, -1, -1)), ((1, -1, 0), (-1, 0, -1), (0, -1, 1)), ((1, 1, -1), (-1, 0, 1), (0, -1, 0))), 0, 0) : [1, -0.95]
((((1, 0, 1), (1, 0, 0), (0, 1, 1)), ((-1, 1, 0), (1, 0, 1), (0, 1, -1)), ((-1, -1, 1), (1, 0, 0), (0, 1, -1))), 0, 0) : [1, 0.9025]
((((-1, 0, -1), (-1, 0, 0), (0, -1, -1)), ((1, -1, 0), (-1, 0, -1), (0, -1, 1)), ((1, 1, -1), (-1, 0, 0), (0, -1, 1))), 0, 0) : [1, -0.9025]
((((1, 0, 1), (1, 0, 0), (0, 1, 1)), ((-1, 1, 0), (1, 0, 1), (0, 1, -1)), ((-1, -1, 1), (1, 0, 0), (-1, 1, -1))), 0, 0) : [1, 0.8573749999999999]
((((-1, 0, -1), (-1, 0, 0), (0, -1, -1)), ((1, -1, 0), (-1, 0, -1), (0, -1, 1)), ((1, 1, -1), (-1, 0, 0), (1, -1, 1))), 0, 0) : [1, -0.8573749999999999]
((((1, 0, 1), (0, 0, 0), (1, 1, 1)), ((-1, 1, 0), (1, 0, 1), (0, 1, -1)), ((-1, -1, 1), (1, 0, 0), (-1, 1, -1))), 0, 0) : [1, 0.8145062499999999]
((((-1, 0, -1), (0, 0, 0), (-1, -1, -1)), ((1, -1, 0), (-1, 0, -1), (0, -1, 1)), ((1, 1, -1), (-1, 0, 0), (1, -1, 1))), 0, 0) : [1, -0.8145062499999999]
((((1, 0, 1), (0, 0, 0), (1, 1, 1)), ((-1, 1, 0), (1, 0, 1), (-1, 1, -1)), ((-1, -1, 1), (1, 0, 0), (0, 1, -1))), 0, 0) : [1, 0.7737809374999998]
((((-1, 0, -1), (0, 0, 0), (-1, -1, -1)), ((1, -1, 0), (-1, 0, -1), (1, -1, 1)), ((1, 1, -1), (-1, 0, 0), (0, -1, 1))), 0, 0) : [1, -0.7737809374999998]
((((1, 1, 1), (0, 0, 0), (1, 1, 1)), ((-1, 0, 0), (1, 0, 1), (-1, 1, -1)), ((-1, -1, 1), (1, 0, 0), (0, 1, -1))), 0, 0) : [1, 0.7350918906249998]
((((-1, -1, -1), (0, 0, 0), (-1, -1, -1)), ((1, 0, 0), (-1, 0, -1), (1, -1, 1)), ((1, 1, -1), (-1, 0, 0), (0, -1, 1))), 0, 0) : [1, -0.7350918906249998]
((((1, 1, 1), (0, 0, 0), (1, 1, 1)), ((-1, 0, 0), (1, 0, 1), (-1, 1, -1)), ((-1, -1, 1), (1, 0, -1), (0, 1, 0))), 0, 0) : [1, 0.6983372960937497]
((((-1, -1, -1), (0, 0, 0), (-1, -1, -1)), ((1, 0, 0), (-1, 0, -1), (1, -1, 1)), ((1, 1, -1), (-1, 0, 1), (0, -1, 0))), 0, 0) : [1, -0.6983372960937497]
((((1, 1, 1), (1, 0, 0), (1, 1, 1)), ((-1, 0, 0), (0, 0, 1), (-1, 1, -1)), ((-1, -1, 1), (1, 0, -1), (0, 1, 0))), 0, 0) : [1, 0.6634204312890623]
((((-1, -1, -1), (-1, 0, 0), (-1, -1, -1)), ((1, 0, 0), (0, 0, -1), (1, -1, 1)), ((1, 1, -1), (-1, 0, 1), (0, -1, 0))), 0, 0) : [1, -0.6634204312890623]
((((1, 1, 1), (1, 0, 0), (1, 1, 1)), ((-1, 0, 0), (0, 0, 1), (0, 1, -1)), ((-1, -1, 1), (1, 0, -1), (-1, 1, 0))), 0, 0) : [1, 0.6302494097246091]
((((-1, -1, -1), (-1, 0, 0), (-1, -1, -1)), ((1, 0, 0), (0, 0, -1), (0, -1, 1)), ((1, 1, -1), (-1, 0, 1), (1, -1, 0))), 0, 0) : [1, -0.6302494097246091]
((((1, 1, 1), (1, 0, 0), (1, 1, 1)), ((-1, 0, 1), (0, 0, 0), (0, 1, -1)), ((-1, -1, 1), (1, 0, -1), (-1, 1, 0))), 0, 0) : [1, 0.5987369392383787]
((((-1, -1, -1), (-1, 0, 0), (-1, -1, -1)), ((1, 0, -1), (0, 0, 0), (0, -1, 1)), ((1, 1, -1), (-1, 0, 1), (1, -1, 0))), 0, 0) : [1, -0.5987369392383787]
((((1, 1, 1), (1, 0, 0), (1, 1, 1)), ((0, 0, 1), (-1, 0, 0), (0, 1, -1)), ((-1, -1, 1), (1, 0, -1), (-1, 1, 0))), 0, 0) : [1, 0.5688000922764597]
((((-1, -1, -1), (-1, 0, 0), (-1, -1, -1)), ((0, 0, -1), (1, 0, 0), (0, -1, 1)), ((1, 1, -1), (-1, 0, 1), (1, -1, 0))), 0, 0) : [1, -0.5688000922764597]
((((1, 1, 1), (1, 0, -1), (1, 1, 1)), ((0, 0, 1), (-1, 0, 0), (0, 1, -1)), ((-1, -1, 1), (1, 0, -1), (-1, 1, 0))), 0, 0) : [1, 0.5403600876626367]
((((-1, -1, -1), (-1, 0, 1), (-1, -1, -1)), ((0, 0, -1), (1, 0, 0), (0, -1, 1)), ((1, 1, -1), (-1, 0, 1), (1, -1, 0))), 0, 0) : [1, -0.5403600876626367]
((((1, 1, 1), (1, 0, -1), (1, 1, 1)), ((0, 0, 0), (-1, 0, 1), (0, 1, -1)), ((-1, -1, 1), (1, 0, -1), (-1, 1, 0))), 0, 0) : [1, 0.5133420832795048]
((((-1, -1, -1), (-1, 0, 1), (-1, -1, -1)), ((0, 0, 0), (1, 0, -1), (0, -1, 1)), ((1, 1, -1), (-1, 0, 1), (1, -1, 0))), 0, 0) : [1, -0.5133420832795048]
((((1, 1, 1), (1, 0, -1), (1, 1, 1)), ((0, 0, 0), (-1, 0, 1), (0, 1, 0)), ((-1, -1, 1), (1, 0, -1), (-1, 1, -1))), 0, 0) : [1, 0.48767497911552954]
((((-1, -1, -1), (-1, 0, 1), (-1, -1, -1)), ((0, 0, 0), (1, 0, -1), (0, -1, 0)), ((1, 1, -1), (-1, 0, 1), (1, -1, 1))), 0, 0) : [1, -0.48767497911552954]
((((1, 1, 1), (1, 0, -1), (1, 1, 1)), ((0, 0, -1), (-1, 0, 1), (0, 1, 0)), ((-1, -1, 1), (1, 0, -1), (-1, 1, -1))), 0, 0) : [1, 0.46329123015975304]
((((-1, -1, -1), (-1, 0, 1), (-1, -1, -1)), ((0, 0, 1), (1, 0, -1), (0, -1, 0)), ((1, 1, -1), (-1, 0, 1), (1, -1, 1))), 0, 0) : [1, -0.46329123015975304]
((((0, 1, 1), (1, 0, -1), (1, 1, 1)), ((1, 0, -1), (-1, 0, 1), (0, 1, 0)), ((-1, -1, 1), (1, 0, -1), (-1, 1, -1))), 0, 0) : [1, 0.44012666865176536]
((((0, -1, -1), (-1, 0, 1), (-1, -1, -1)), ((-1, 0, 1), (1, 0, -1), (0, -1, 0)), ((1, 1, -1), (-1, 0, 1), (1, -1, 1))), 0, 0) : [1, -0.44012666865176536]
((((0, 1, 1), (1, 0, -1), (1, 1, 1)), ((1, 0, -1), (0, 0, 1), (-1, 1, 0)), ((-1, -1, 1), (1, 0, -1), (-1, 1, -1))), 0, 0) : [1, 0.4181203352191771]
((((0, -1, -1), (-1, 0, 1), (-1, -1, -1)), ((-1, 0, 1), (0, 0, -1), (1, -1, 0)), ((1, 1, -1), (-1, 0, 1), (1, -1, 1))), 0, 0) : [1, -0.4181203352191771]
((((1, 1, 1), (1, 0, -1), (1, 1, 1)), ((0, 0, -1), (0, 0, 1), (-1, 1, 0)), ((-1, -1, 1), (1, 0, -1), (-1, 1, -1))), 0, 0) : [1, 0.3972143184582182]
((((-1, -1, -1), (-1, 0, 1), (-1, -1, -1)), ((0, 0, 1), (0, 0, -1), (1, -1, 0)), ((1, 1, -1), (-1, 0, 1), (1, -1, 1))), 0, 0) : [1, -0.3972143184582182]
((((1, 1, 1), (1, 0, -1), (1, 1, 1)), ((0, 0, -1), (0, 0, 1), (-1, 1, 0)), ((-1, -1, 1), (1, 0, 0), (-1, 1, -1))), 0, 1) : [1, 0.37735360253530725]
((((-1, -1, -1), (-1, 0, 1), (-1, -1, -1)), ((0, 0, 1), (0, 0, -1), (1, -1, 0)), ((1, 1, -1), (-1, 0, 0), (1, -1, 1))), 1, 0) : [1, -0.37735360253530725]
((((1, 1, 1), (1, 0, -1), (1, 1, 1)), ((0, 0, -1), (-1, 0, 1), (-1, 1, 0)), ((-1, -1, 1), (1, 0, 0), (-1, 1, -1))), 0, 1) : [1, 0.3584859224085419]
((((-1, -1, -1), (-1, 0, 1), (-1, -1, -1)), ((0, 0, 1), (1, 0, -1), (1, -1, 0)), ((1, 1, -1), (-1, 0, 0), (1, -1, 1))), 1, 0) : [1, -0.3584859224085419]
((((1, 1, 1), (1, 0, -1), (1, 1, 1)), ((0, 0, -1), (-1, 0, 1), (-1, 0, 0)), ((-1, -1, 1), (1, 0, 0), (-1, 1, -1))), 1, 1) : [1, 0.3405616262881148]
((((-1, -1, -1), (-1, 0, 1), (-1, -1, -1)), ((0, 0, 1), (1, 0, -1), (1, 0, 0)), ((1, 1, -1), (-1, 0, 0), (1, -1, 1))), 1, 1) : [1, -0.3405616262881148]
((((1, 1, 1), (1, 0, -1), (1, 1, 1)), ((0, 0, -1), (0, 0, 1), (-1, 0, 0)), ((-1, -1, 1), (1, 0, 0), (-1, 1, -1))), 1, 2) : [1, 0.323533544973709]
((((-1, -1, -1), (-1, 0, 1), (-1, -1, -1)), ((0, 0, 1), (0, 0, -1), (1, 0, 0)), ((1, 1, -1), (-1, 0, 0), (1, -1, 1))), 2, 1) : [1, -0.323533544973709]
((((1, 1, 1), (1, 0, -1), (1, 1, 1)), ((0, 0, -1), (0, 0, 0), (-1, 0, 0)), ((-1, -1, 1), (1, 0, 0), (-1, 1, -1))), 2, 2) : [1, 0.3073568677250236]
((((-1, -1, -1), (-1, 0, 1), (-1, -1, -1)), ((0, 0, 1), (0, 0, 0), (1, 0, 0)), ((1, 1, -1), (-1, 0, 0), (1, -1, 1))), 2, 2) : [1, -0.3073568677250236]
((((1, 1, 1), (1, 0, -1), (1, 1, 1)), ((0, 0, -1), (0, 0, 0), (0, 0, 0)), ((-1, -1, 1), (1, 0, 0), (-1, 1, -1))), 2, 3) : [1, 0.2919890243387724]
((((-1, -1, -1), (-1, 0, 1), (-1, -1, -1)), ((0, 0, 1), (0, 0, 0), (0, 0, 0)), ((1, 1, -1), (-1, 0, 0), (1, -1, 1))), 3, 2) : [1, -0.2919890243387724]
((((1, 1, 1), (1, 0, -1), (1, 1, 1)), ((0, 0, -1), (0, 0, 0), (0, 0, 0)), ((-1, -1, 1), (1, 0, 0), (-1, 0, -1))), 3, 3) : [1, 0.27738957312183377]
((((-1, -1, -1), (-1, 0, 1), (-1, -1, -1)), ((0, 0, 1), (0, 0, 0), (0, 0, 0)), ((1, 1, -1), (-1, 0, 0), (1, 0, 1))), 3, 3) : [1, -0.27738957312183377]
((((1, 1, 1), (1, 0, -1), (1, 1, 1)), ((0, 0, -1), (0, 0, 0), (0, 0, 0)), ((-1, -1, 1), (1, 0, 0), (-1, 0, 0))), 3, 4) : [1, 0.26352009446574204]
((((-1, -1, -1), (-1, 0, 1), (-1, -1, -1)), ((0, 0, 1), (0, 0, 0), (0, 0, 0)), ((1, 1, -1), (-1, 0, 0), (1, 0, 0))), 4, 3) : [1, -0.26352009446574204]
((((1, 1, 1), (1, 0, -1), (1, 1, 1)), ((0, 0, -1), (0, 0, 0), (0, 0, 0)), ((-1, -1, 1), (0, 0, 0), (-1, 0, 0))), 4, 4) : [1, 0.2503440897424549]
((((-1, -1, -1), (-1, 0, 1), (-1, -1, -1)), ((0, 0, 1), (0, 0, 0), (0, 0, 0)), ((1, 1, -1), (0, 0, 0), (1, 0, 0))), 4, 4) : [1, -0.2503440897424549]
((((1, 1, 1), (1, 0, -1), (1, 1, 1)), ((0, 0, -1), (0, 0, 0), (0, 0, 0)), ((-1, -1, 1), (0, 0, 0), (0, 0, 0))), 4, 5) : [1, 0.23782688525533216]
((((-1, -1, -1), (-1, 0, 1), (-1, -1, -1)), ((0, 0, 1), (0, 0, 0), (0, 0, 0)), ((1, 1, -1), (0, 0, 0), (0, 0, 0))), 5, 4) : [1, -0.23782688525533216]
((((1, 1, 1), (1, 0, -1), (1, 1, 1)), ((0, 0, -1), (0, 0, 0), (0, 0, 0)), ((-1, -1, 0), (0, 0, 0), (0, 0, 0))), 5, 5) : [1, 0.22593554099256555]
((((-1, -1, -1), (-1, 0, 1), (-1, -1, -1)), ((0, 0, 1), (0, 0, 0), (0, 0, 0)), ((1, 1, 0), (0, 0, 0), (0, 0, 0))), 5, 5) : [1, -0.22593554099256555]
((((1, 1, 1), (1, 0, 0), (1, 1, 1)), ((0, 0, -1), (0, 0, 0), (0, 0, 0)), ((-1, -1, 0), (0, 0, 0), (0, 0, 0))), 5, 6) : [1, 0.21463876394293727]
((((-1, -1, -1), (-1, 0, 0), (-1, -1, -1)), ((0, 0, 1), (0, 0, 0), (0, 0, 0)), ((1, 1, 0), (0, 0, 0), (0, 0, 0))), 6, 5) : [1, -0.21463876394293727]
((((1, 1, 1), (1, 0, 0), (1, 1, 1)), ((-1, 0, -1), (0, 0, 0), (0, 0, 0)), ((-1, -1, 0), (0, 0, 0), (0, 0, 0))), 5, 6) : [1, 0.2039068257457904]
((((-1, -1, -1), (-1, 0, 0), (-1, -1, -1)), ((1, 0, 1), (0, 0, 0), (0, 0, 0)), ((1, 1, 0), (0, 0, 0), (0, 0, 0))), 6, 5) : [1, -0.2039068257457904]
((((1, 1, 1), (1, 0, 0), (1, 0, 1)), ((-1, 0, -1), (0, 0, 0), (0, 0, 0)), ((-1, -1, 0), (0, 0, 0), (0, 0, 0))), 6, 6) : [1, 0.19371148445850087]
((((-1, -1, -1), (-1, 0, 0), (-1, 0, -1)), ((1, 0, 1), (0, 0, 0), (0, 0, 0)), ((1, 1, 0), (0, 0, 0), (0, 0, 0))), 6, 6) : [1, -0.19371148445850087]
((((1, 1, 1), (1, 0, 0), (1, 0, 1)), ((0, 0, -1), (0, 0, 0), (0, 0, 0)), ((-1, -1, 0), (0, 0, 0), (0, 0, 0))), 6, 7) : [1, 0.18402591023557582]
((((-1, -1, -1), (-1, 0, 0), (-1, 0, -1)), ((0, 0, 1), (0, 0, 0), (0, 0, 0)), ((1, 1, 0), (0, 0, 0), (0, 0, 0))), 7, 6) : [1, -0.18402591023557582]
((((1, 1, 1), (1, 0, 0), (1, 0, 0)), ((0, 0, -1), (0, 0, 0), (0, 0, 0)), ((-1, -1, 0), (0, 0, 0), (0, 0, 0))), 7, 7) : [1, 0.174824614723797]
((((-1, -1, -1), (-1, 0, 0), (-1, 0, 0)), ((0, 0, 1), (0, 0, 0), (0, 0, 0)), ((1, 1, 0), (0, 0, 0), (0, 0, 0))), 7, 7) : [1, -0.174824614723797]
((((1, 1, 1), (1, 0, 0), (1, 0, 0)), ((0, 0, -1), (0, 0, 0), (0, 0, 0)), ((0, -1, 0), (0, 0, 0), (0, 0, 0))), 7, 8) : [1, 0.16608338398760716]
((((-1, -1, -1), (-1, 0, 0), (-1, 0, 0)), ((0, 0, 1), (0, 0, 0), (0, 0, 0)), ((0, 1, 0), (0, 0, 0), (0, 0, 0))), 8, 7) : [1, -0.16608338398760716]
((((1, 1, 1), (1, 0, 0), (1, 0, 0)), ((0, 0, -1), (0, 0, 0), (0, 0, 0)), ((-1, -1, 0), (0, 0, 0), (0, 0, 0))), 7, 8) : [1, 0.1577792147882268]
((((-1, -1, -1), (-1, 0, 0), (-1, 0, 0)), ((0, 0, 1), (0, 0, 0), (0, 0, 0)), ((1, 1, 0), (0, 0, 0), (0, 0, 0))), 8, 7) : [1, -0.1577792147882268]
((((1, 1, 1), (1, 0, 0), (0, 0, 0)), ((0, 0, -1), (0, 0, 0), (0, 0, 0)), ((-1, -1, 0), (0, 0, 0), (0, 0, 0))), 8, 8) : [1, 0.14989025404881545]
((((-1, -1, -1), (-1, 0, 0), (0, 0, 0)), ((0, 0, 1), (0, 0, 0), (0, 0, 0)), ((1, 1, 0), (0, 0, 0), (0, 0, 0))), 8, 8) : [1, -0.14989025404881545]
((((1, 1, 1), (1, 0, 0), (0, 0, 0)), ((0, 0, -1), (0, 0, 0), (0, 0, 0)), ((0, -1, 0), (0, 0, 0), (0, 0, 0))), 8, 9) : [1, 0.14239574134637467]
((((-1, -1, -1), (-1, 0, 0), (0, 0, 0)), ((0, 0, 1), (0, 0, 0), (0, 0, 0)), ((0, 1, 0), (0, 0, 0), (0, 0, 0))), 9, 8) : [1, -0.14239574134637467]
((((1, 1, 1), (0, 0, 0), (0, 0, 0)), ((0, 0, -1), (0, 0, 0), (0, 0, 0)), ((0, -1, 0), (0, 0, 0), (0, 0, 0))), 9, 9) : [1, 0.13527595427905592]
((((-1, -1, -1), (0, 0, 0), (0, 0, 0)), ((0, 0, 1), (0, 0, 0), (0, 0, 0)), ((0, 1, 0), (0, 0, 0), (0, 0, 0))), 9, 9) : [1, -0.13527595427905592]
((((1, 1, 1), (0, 0, 0), (0, 0, 0)), ((0, 0, 0), (0, 0, 0), (0, 0, 0)), ((0, -1, 0), (0, 0, 0), (0, 0, 0))), 9, 10) : [1, 0.12851215656510312]
((((-1, -1, -1), (0, 0, 0), (0, 0, 0)), ((0, 0, 0), (0, 0, 0), (0, 0, 0)), ((0, 1, 0), (0, 0, 0), (0, 0, 0))), 10, 9) : [1, -0.12851215656510312]
((((1, 1, 1), (0, 0, 0), (0, 0, -1)), ((0, 0, 0), (0, 0, 0), (0, 0, 0)), ((0, -1, 0), (0, 0, 0), (0, 0, 0))), 9, 10) : [1, 0.12208654873684796]
((((-1, -1, -1), (0, 0, 0), (0, 0, 1)), ((0, 0, 0), (0, 0, 0), (0, 0, 0)), ((0, 1, 0), (0, 0, 0), (0, 0, 0))), 10, 9) : [1, -0.12208654873684796]
((((1, 0, 1), (0, 0, 0), (0, 0, -1)), ((0, 0, 0), (0, 0, 0), (0, 0, 0)), ((0, -1, 0), (0, 0, 0), (0, 0, 0))), 10, 10) : [1, 0.11598222130000556]
((((-1, 0, -1), (0, 0, 0), (0, 0, 1)), ((0, 0, 0), (0, 0, 0), (0, 0, 0)), ((0, 1, 0), (0, 0, 0), (0, 0, 0))), 10, 10) : [1, -0.11598222130000556]
((((1, 0, 1), (0, 0, 0), (0, 0, -1)), ((0, 0, 0), (0, 0, 0), (0, 0, 0)), ((0, 0, 0), (0, 0, 0), (0, 0, 0))), 10, 11) : [1, 0.11018311023500528]
((((-1, 0, -1), (0, 0, 0), (0, 0, 1)), ((0, 0, 0), (0, 0, 0), (0, 0, 0)), ((0, 0, 0), (0, 0, 0), (0, 0, 0))), 11, 10) : [1, -0.11018311023500528]
((((1, 0, 0), (0, 0, 0), (0, 0, -1)), ((0, 0, 0), (0, 0, 0), (0, 0, 0)), ((0, 0, 0), (0, 0, 0), (0, 0, 0))), 11, 11) : [1, 0.10467395472325501]
((((-1, 0, 0), (0, 0, 0), (0, 0, 1)), ((0, 0, 0), (0, 0, 0), (0, 0, 0)), ((0, 0, 0), (0, 0, 0), (0, 0, 0))), 11, 11) : [1, -0.10467395472325501]
